老兵\落霞_老兵 			1 		253 	248 	老兵 			0 	0 	0 	0 	0
老兵\中州_老兵 			0 		468 	226 	老兵 			0 	0 	0 	0 	0
老兵\海角_老兵 			0 		406 	619 	老兵 			0 	0 	0 	0 	0
老兵\热砂_老兵 			2 		222 	444 	老兵 			0 	0 	0 	0 	0
老兵\跃马_老兵 			3		167 	189 	老兵 			0 	0 	0 	0 	0
老兵\禁地_老兵 			4 		340 	174 	老兵 			0 	0 	0 	0 	0
老兵\西域_老兵 			5 		462 	107 	老兵 			0 	0 	0 	0 	0
老兵\死水_老兵 			7 		55 	39 	老兵 			0 	0 	0 	0 	0

旗座\旗座20			0 		471 	231 	旗座 			0 	172 	9 	0	0
旗座\旗座21			0 		465 	225 	旗座 			0 	172 	10 	0	0
旗座\旗座22			0 		471 	205 	旗座 			0 	172 	11 	0	0
旗座\旗座23			0 		479 	212 	旗座 			0 	172 	12 	0	0
旗座\旗座24			0 		484 	217 	旗座 			0 	172 	13 	0	0
旗座\旗座25			0 		491 	224 	旗座 			0 	172 	14 	0	0
旗座\旗座26			7 		64 	46 	旗座 			0 	172 	15 	0	0
旗座\旗座27			7 		52 	36 	旗座 			0 	172 	16 	0	0
旗座\英雄招募          		0       	474     219     英雄招募        	0       174     0    	0       0

落霞\落霞岛_首饰店店员 		1 		241 	232 	首饰店店员 		0 	12 	0 	0 	0
落霞\落霞岛_建材商人 		1 		249 	270 	建材商人 		0 	1 	0 	0 	0
落霞\落霞岛_杂货小贩 		1 		233 	255 	杂货小贩 		0 	1 	0 	0 	0
落霞\落霞岛_仓库管理员 		1 		210 	237 	仓库管理员 		0 	2 	0 	0 	0
落霞\落霞岛_书店老板 		1 		234 	225 	书店老板 		0 	5 	0 	0 	0
落霞\落霞岛_炼药师 		1 		219 	269 	炼药师 			0 	8 	0 	0 	0
落霞\落霞岛_药店掌柜 		1 		222 	267 	药店掌柜 		0 	8 	0 	0 	0
落霞\落霞岛_服装店老板		1 		218 	230 	服装店老板娘 		0 	10 	0 	0	0
落霞\落霞岛_铁匠 		1 		227 	216 	铁匠 			0 	6 	0 	0 	0
落霞\落霞岛_屠夫 		1 		228 	262 	屠夫 			0 	7 	0 	0 	0
落霞\落霞岛_船行老板 		1 		66 	130 	船行老板 		0 	13 	0 	0 	0
落霞\落霞岛_王城官员    	1 		247 	252 	王城官员 		0 	5 	0 	0 	0
;落霞\落霞岛_英雄试炼使者    	1 		250 	250 	英雄试炼使者 		0 	34 	0 	0 	0
落霞\落霞岛_矿洞守卫官 		1 		476 	401 	矿洞守卫官 		0 	54 	0 	0 	0

海角\海角_仓库 			0 		431 	614 	仓库保管员 		0 	2 	0 	0 	0
海角\海角_首饰店 		0 		394 	634 	首饰店掌柜 		0 	12 	0 	0 	0
海角\海角_建材商 		0 		425 	629 	建材商人 		0 	1 	0 	0 	0
海角\海角_杂货铺 		0 		429 	606 	杂货铺掌柜 		0 	1 	0 	0 	0
海角\海角_书店 			0 		406 	596 	书店掌柜 		0 	5 	0 	0 	0
海角\海角_炼药师 		0 		416 	613 	炼药师 			0 	8 	0 	0 	0
海角\海角_药店 			0 		414 	615 	药店掌柜 		0 	8 	0 	0 	0
海角\海角_服装店 		0 		402 	612 	服装店掌柜 		0 	10 	0 	0 	0
海角\海角_铁匠 			0 		417 	596 	铁匠 			0 	6 	0 	0 	0
海角\海角_屠夫 			0 		395 	615 	屠夫 			0 	7 	0 	0 	0

天下\中州_天下男战 		0 		461 	226 	天下第一男战士		0 	100 	2 	0 	0
天下\中州_天下男法 		0 		455 	232 	天下第一男法师		0 	104 	3 	0 	0
天下\中州_天下男道 		0 		458 	229 	天下第一男道士 		0 	102 	4 	0 	0
天下\中州_天下女战 		0 		468 	232 	天下第一女战士 		0 	101 	5 	0 	0
天下\中州_天下女法 		0 		461 	237 	天下第一女法师		0 	105 	6 	0 	0
天下\中州_天下女道 		0 		465 	235 	天下第一女道士		0 	103 	7 	0 	0
天下\沙城_沙城城主 		3 		172 	377 	沙城霸主 		0 	100 	8 	0 	0

中州\皇宫_史官 			SH000 		22 	39 	史官 			0 	11 	0 	0 	0
中州\皇宫_圣王使者 		0 		484 	229 	圣王使者 		0 	11 	0 	0 	0
;中州\皇宫_蟠龙精魄 		SH000 		23 	61 	蟠龙精魄 		0 	5	0 	0 	0
中州\中州_赏金猎人 		0 		464 	214 	赏金猎人 		0 	11 	0 	0 	0
中州\中州_魔法阵祭祀 		0 		429 	170 	魔法阵祭祀 		0 	5 	0 	0 	0
中州\中州_首饰店 		0 		470 	248 	首饰店掌柜 		0 	12 	0 	0 	0
中州\中州_首饰店 		SH002 		13 	15 	首饰店掌柜 		0 	12 	0 	0 	0
中州\中州_建材商人 		0 		408 	220 	建材商人 		0 	1 	0 	0 	0
中州\中州_杂货铺掌柜 		0 		468 	207 	杂货铺掌柜 		0 	1 	0 	0 	0
中州\中州_客栈掌柜 		0 		375 	210 	客栈掌柜 		0 	2 	0 	0 	0
中州\中州_客栈老板 		SH001 		9 	12 	客栈老板 		0 	2 	0 	0 	0
中州\中州_仓库保管员 		SH004 		7 	13 	仓库保管员 		0 	2 	0 	0 	0
中州\中州_药店掌柜 		0 		497 	269 	药店掌柜 		0 	8 	0 	0	0
中州\中州_炼药师 		SH011 		5 	11 	炼药师 			0	8 	0 	0 	0
中州\中州_铸造师 		0 		423 	248	铸造师 			0 	6 	0 	0 	0
中州\中州_铁匠 			0 		419 	244 	铁匠 			0 	6 	0 	0 	0
中州\中州_屠夫 			0 		460 	260 	屠夫 			0 	7 	0 	0 	0
中州\中州_肉店老板 		SH009 		4 	13 	肉店老板 		0 	7 	0 	0 	0
中州\中州_服装店掌柜 		SH008 		11 	12 	服装店掌柜 		0 	10 	0 	0 	0
中州\中州_染色工 		sh008 		15 	15 	染色工 			0 	10 	0 	0 	0
中州\中州_书店老板 		SH010 		10 	9 	书店老板 		0 	5 	0 	0 	0
中州\中州_武馆教头 		SH003 		19 	19 	武馆教头 		0 	13 	0 	0 	0
中州\中州_英雄擂台使者 		SH003 		11 	29 	英雄擂台使者 		0 	13 	0 	0 	0
中州\中州_马倌 			0 		407 	263 	马倌 			0 	13 	0 	0 	0
中州\中州_阿平 			0 		385 	330 	阿平 			0 	4 	0 	0 	0
中州\中州_船行老板 		0 		67 	525 	船行老板 		0 	13 	0 	0 	0
中州\中州_龙凤阁伙计 		0 		495 	324 	龙凤阁伙计 		0 	12 	0 	0 	0
中州\中州_月如 			0 		580 	215 	月如 			0 	12 	0 	0 	0
中州\中州_美发师 		0 		392 	179 	美发师 			0 	12 	0 	0 	0
中州\中州_江湖百晓生 		0 		474 	226 	江湖百晓生 		0 	3 	0 	0 	0
中州\中州_史官 			0 		475 	150 	史官 			0 	11 	0 	0 	0
中州\中州_太史令 		0 		480 	155 	太史令 			0 	11 	0	0 	0
中州\中州_英雄守护神 		0 		572 	216 	英雄守护神 		0 	36 	0 	0 	0
中州\中州_玄玄老人 		SH045 		8 	12 	玄玄老人 		0 	42 	0 	0 	0
中州\中州_紫金神炉 		SH045 		7 	9 	紫金神炉 		0 	43 	0 	0 	0
中州\中州_客栈老板 		SH045 		3  	12 	客栈老板 		0 	2  	0 	0 	0
中州\中州_通天漩涡		0		442	183	通天漩涡		0	25	0	0	0
中州\中州_玄坛使者		0 		483 	218 	玄坛使者 		0 	16 	0 	0 	0
中州\中州_阿正儿子	 	0 		469 	248 	阿正的儿子 		0 	51 	0 	0 	0
中州\中州_帐号安全员 		0 		459 	218 	帐号安全员 		0 	11 	0 	0 	0
中州\中州_广场传送门 		0 		480 	233 	中州广场传送门 		0 	15 	0 	0 	0
中州\中州_镖师	 		0 		414 	268 	镖师	 		0 	254 	0 	0 	0
;中州\中州_魔龙巢穴守卫	 	0 		455 	218 	魔龙巢穴守卫	 	0 	48 	0 	0 	0
中州\中州_神秘隐士	 	0 		462 	196 	神秘隐士	 	0 	0 	0 	0 	0

中州\中州_夺宝奇兵使者    	0 		467 	216 	夺宝奇兵 		0 	34 	0 	0 	0
中州\中州_超级夺宝使者    	0 		470 	216 	超级夺宝 		0 	34 	0 	0 	0
中州\中州_灵兽复活		0 		486 	221 	灵兽复活大使 		0 	0 	0 	0 	0
中州\中州_灵犀仙子	 	0 		459 	196 	灵犀仙子	 	0 	49 	0 	0 	0

;中州\中州_散财童子	 	0 		485 	235 	散财童子	 	0 	51 	0 	0 	0
;中州\中州_财神庙	 	0 		458 	225 	财神庙传送门	 	0 	297 	0 	0 	0

广场\广场_中州传送门		zzgc		89	80	中州传送门 		0 	15 	0 	0 	0
广场\广场_日常任务仙子		zzgc		104	78	日常任务仙子 		0 	49 	0 	0 	0
广场\广场_幽影阁门人		zzgc		85	86 	幽影阁门人 		0 	13 	0	0	0
广场\广场_宝地使者		zzgc 		110 	94 	宝地使者 		0 	1 	0	0	0
;广场\广场_神秘老人		zzgc 		95 	103 	神秘老人 		0 	261 	0	0	0
广场\广场_仓库管理员		zzgc 		87 	74 	仓库管理员 		0 	2 	0	0	0
广场\广场_碎片合成大师		zzgc 		78 	82 	碎片合成大师 		0 	5 	0	0	0
广场\广场_江湖公告		zzgc 		92 	85 	江湖公告 		0 	44	0	0	0
广场\广场_探宝老人	 	zzgc 		90 	90 	探宝老人 		0 	42 	0	0	0

;广场\广场_自创转盘	 	zzgc 		83 	83 	自创转盘 		0 	0 	0	0	0
广场\广场_装备炼器师	 	zzgc 		74 	91 	装备炼器师 		0 	6 	0	0	0
;广场\广场_高级装备炼器师	zzgc 		71 	89 	高级装备炼器师 		0 	6 	0	0	0
广场\广场_宝石镶嵌师	 	zzgc 		64 	96 	宝石镶嵌师 		0 	6 	0	0	0
广场\广场_物资回收使者	 	zzgc 		88 	88 	物资回收使者 		0 	240 	0	0	0
广场\广场_VIP特效使者	 	zzgc 		81 	79 	VIP特效使者 		0 	257 	0	0	0
广场\广场_真魂珠使者	 	zzgc 		83 	78 	真魂珠使者 		0 	258 	0	0	0
广场\广场_盾牌使者	 	zzgc 		71 	81 	盾牌使者 		0 	0 	0	0	0
广场\广场_五行宝地使者	 	zzgc 		67 	78 	五行宝地使者 		0 	8 	0	0	0

热砂\蛇谷_李虎	 		10 		79 	58	前锋队长李虎	 	0 	35 	0 	0 	0
热砂\热砂_李将军 		2 		215 	436 	李将军	 		0 	48 	0 	0 	0
热砂\热砂_药店掌柜 		2 		140 	844 	药店掌柜 		0 	8 	0 	0 	0
热砂\热砂_阿正 			2 		141 	824 	阿正 			0 	4 	0 	0 	0
热砂\热砂_杂货小贩 		2 		137 	848 	杂货小贩 		0 	1 	0 	0 	0
热砂\热砂_武馆教头 		2 		163 	478 	武馆教头 		0 	13 	0 	0 	0
热砂\热砂_珠宝店掌柜 		2 		147 	483 	珠宝店掌柜 		0 	12 	0 	0 	0
热砂\热砂_木材商人 		2 		184 	500 	木材商人 		0 	1 	0 	0 	0
热砂\热砂_小贩 			2 		222 	465 	小贩 			0 	1 	0 	0 	0
热砂\热砂_客栈掌柜 		2 		195 	485 	客栈掌柜 		0 	2 	0 	0 	0
热砂\热砂_书商 			2 		237 	433 	书商 			0 	5 	0 	0 	0
热砂\热砂_药材商 		2 		235 	472 	药材商 			0 	8 	0 	0 	0
热砂\热砂_服装店掌柜 		2 		207 	510 	服装店掌柜 		0 	10 	0 	0 	0
热砂\热砂_铁匠 			2 		256 	445 	铁匠 			0 	6 	0 	0 	0
热砂\热砂_屠夫 			2 		222 	481 	屠夫 			0 	7 	0 	0 	0
热砂\热砂_玄玄弟子 		2 		225 	439 	玄玄弟子 		0 	13 	0 	0 	0
热砂\热砂_珠宝店掌柜 		SH025 		4 	11 	珠宝店掌柜 		0 	12 	0 	0 	0
热砂\热砂_客栈老板 		SH022 		11 	13 	客栈老板 		0 	2 	0 	0	0
热砂\热砂_保管员 		SH023 		8 	14 	保管员 			0 	13 	0 	0 	0
热砂\热砂_书店老板 		SH026 		9 	15 	书店老板 		0 	5 	0 	0 	0
热砂\热砂_服装店老板娘 		SH024 		7 	13 	服装店老板娘 		0 	10 	0 	0 	0
热砂\热砂_铁匠 			SH027 		5 	8 	铁匠 			0 	6 	0 	0 	0
热砂\蛇洞_未知 			N003 		158 	368 	旅人 			0 	1 	0 	0	0
热砂\热砂_红娘	 		M016 		59 	42 	红娘	 		0 	12 	0 	0 	0
热砂\热砂_月老	 		SH030 		11 	14 	月老	 		0 	5 	0 	0 	0

跃马\跃马_珠宝店掌柜 		3 		177     418 	珠宝店掌柜 		0 	12 	1 	0 	0
跃马\跃马_杂货贩 		3 		144 	386 	杂货贩 			0 	1 	1 	0 	0
跃马\跃马_保管员 		3 		169 	402 	保管员 			0 	2 	1 	0 	0
跃马\跃马_炼药师 		3 		203 	389 	炼药师 			0 	8 	1 	0 	0
跃马\跃马_药商 			3 		213 	388 	药商 			0 	8 	1 	0 	0
跃马\跃马_服装店掌柜 		3 		192 	370 	服装店掌柜 		0 	10 	1 	0 	0
跃马\跃马_铸造师 		3 		168 	346 	铸造师 			0 	6 	1 	0 	0
跃马\跃马_铁匠 			3 		173 	343 	铁匠 			0 	6 	1 	0 	0
跃马\跃马_孤独老人 		3 		150 	602 	沙城长老		0 	5 	1 	0 	0
跃马\跃马_珠宝店老板 		SH019 		8 	10 	珠宝店老板 		0 	12 	1 	0 	0
跃马\跃马_保管员 		SH020 		4 	12 	保管员 			0 	2 	1 	0 	0
跃马\跃马_炼药师 		SH015 		6 	14 	炼药师 			0 	8 	1 	0 	0
跃马\跃马_药店老板 		SH015 		10 	9 	药店老板 		0 	8 	1 	0 	0
跃马\跃马_服装店老板娘 		SH016 		8 	12 	服装店老板娘 		0 	10 	1 	0 	0
跃马\跃马_铸造师 		SH017 		8 	13 	铸造师 			0 	6 	1 	0 	0
跃马\跃马_铁匠 			SH017 		9 	12 	铁匠 			0 	6 	1 	0 	0
跃马\跃马_沙城守护神 		SH021 		16 	13 	沙城守护神 		0 	36 	0 	0 	0

禁地\禁地_戒灵 			4 		305 	260 	戒灵 			0 	13 	0 	0 	0
禁地\禁地_旅人 			4 		51 	185 	旅人 			0 	13 	0 	0 	0
禁地\禁地_马倌 			4 		190 	308 	马倌 			0 	13 	0 	0 	0
禁地\禁地_珠宝店掌柜 		4 		352 	195 	珠宝店掌柜 		0 	12 	0 	0 	0
禁地\禁地_木材商 		4 		193 	317 	木材商 			0	1 	0 	0 	0
禁地\禁地_杂货贩 		4 		324 	162 	杂货贩 			0 	1 	0 	0 	0
禁地\禁地_保管员 		4 		316 	170 	保管员 			0 	2 	0 	0 	0
禁地\禁地_药商 			4 		362 	184 	药商 			0 	8 	0 	0 	0
禁地\禁地_服装店掌柜 		4 		308 	183 	服装店掌柜 		0 	10 	0 	0 	0
禁地\禁地_铁匠 			4 		340 	150 	铁匠 			0 	6 	0 	0 	0
禁地\禁地_屠夫 			4 		370 	178 	屠夫 			0 	7 	0 	0 	0
禁地\禁地_珠宝店老板 		SH033 		6 	11 	珠宝店老板 		0 	12 	0 	0 	0
禁地\禁地_书店老板 		SH034 		6 	12 	书店老板 		0 	5 	0 	0 	0
禁地\禁地_炼药师 		SH036 		2 	10 	炼药师 			0 	8 	0 	0 	0
禁地\禁地_染房老板 		SH031 		6 	8 	染房老板 		0 	10 	0 	0 	0
禁地\禁地_武器店老板 		SH035 		5 	8 	武器店老板 		0 	6 	0 	0 	0
禁地\禁地_屠夫 			SH032 		8 	12 	屠夫 			0 	7 	0 	0 	0
禁地\禁地_玄玄老人 		sh037 		17 	13 	玄玄老人 		0 	5 	0 	0 	0

西域\西域_珠宝店掌柜 		5 		434 	151 	珠宝店掌柜 		0 	12 	0 	0 	0
西域\西域_杂货商 		5 		463 	88 	杂货商 			0 	1 	0 	0 	0
西域\西域_保管员 		5 		389 	96 	保管员 			0 	2 	0 	0 	0
西域\西域_书商 			5 		431 	56 	书商 			0 	5 	0 	0 	0
西域\西域_炼药师 		5 		486 	113 	炼药师 			0 	8 	0 	0 	0
西域\西域_药材商 		5 		493 	116 	药材商 			0 	8 	0 	0	0
西域\西域_服装店掌柜 		5 		437 	118 	服装店掌柜 		0 	10 	0 	0 	0
西域\西域_铁匠 			5 		466 	162 	铁匠 			0 	6 	0 	0 	0
西域\西域_屠夫 			5 		431 	84 	屠夫 			0 	7 	0 	0 	0
西域\西域_珠宝店老板 		SH043 		10 	16 	珠宝店老板 		0 	12 	0 	0 	0
西域\西域_保管员 		SH041 		9 	15 	保管员 			0 	2 	0 	0 	0
西域\西域_书店老板 		SH042 		8 	13 	书店老板 		0 	5 	0 	0 	0
西域\西域_服装店老板 		SH044 		7 	12 	服装店老板 		0 	10 	0 	0 	0
西域\西域_武器店老板 		SH040 		7 	9 	武器店老板 		0 	6 	0 	0 	0
西域\西域_屠夫 			SH039 		8 	11 	屠夫 			0 	7 	0 	0 	0

死水\死水_魔像 			7 		251 	260 	魔像 			0 	36 	0 	0 	0
死水\死水_魔像 			MC010 		267 	143 	魔像 			0 	36 	0 	0 	0
死水\死水_药店掌柜 		7 		73 	36 	药店掌柜 		0 	8 	0 	0 	0
死水\死水_仓库保管员 		7 		47 	45 	仓库保管员 		0 	2 	0 	0 	0
死水\死水_服装店掌柜 		7 		48 	31 	服装店掌柜 		0 	10 	0 	0 	0
死水\死水_首饰店掌柜 		7 		57 	28 	首饰店掌柜 		0 	12 	0 	0 	0
死水\死水_铁匠 			7 		45 	51 	铁匠 			0 	6 	0 	0 	0
死水\死水_杂货铺掌柜 		7 		73 	31 	杂货铺掌柜 		0 	1 	0 	0 	0
死水\死水_王国官员 		7 		68 	43 	王国官员 		0 	5 	0 	0 	0

魔隐\魔隐村入口			0       	740    328      魔隐村入口      	0	15	0	0	0
魔隐\魔隐村入口			2       	268    349      魔隐村入口      	0	15	0	0	0
魔隐\魔隐村入口			3		416    323      魔隐村入口      	0	15	0	0	0
魔隐\魔隐村入口			4       	47     271      魔隐村入口      	0	15	0    	0	0
魔隐\魔隐村入口			5       	320    447      魔隐村入口      	0	15	0	0	0
魔隐\炼金魔    			6       	165    101      炼金魔    		0	22	0	0	0
魔隐\千年藤妖 			6       	172    115      千年藤妖    		0	30	0	0	0
魔隐\妖力士   			6       	187    128      妖力士    		0	24	0	0	0
魔隐\铁刺魔   			6       	150    117      铁刺魔    		0	23	0	0	0
魔隐\命运门	        	6       	122    41       命运门    		0	25	0	0	0
魔隐\命运门   			6       	73     193      命运门    		0	25	0	0	0
魔隐\命运门   			6       	252    152      命运门    		0	25	0	0	0

同读<炼狱\海岛传送门1> 		MH001 		116 	85 	传送门 			0 	15 	0 	0 	0
同读<炼狱\海岛传送门2> 		MH001 		125 	90 	传送门 			0 	15 	0 	0 	0
同读<炼狱\海岛传送门3> 		MH001 		50 	90 	传送门 			0 	15 	0 	0 	0
同读<炼狱\海岛迷之门> 		MH001 		117 	93 	迷之门	 		0 	29 	0 	0 	0

同读<炼狱\流浪商人> 		MH001 		111 	80 	流浪商人 		0 	1 	0 	0 	0
同读<炼狱\流浪商人> 		MH008 		124 	69 	流浪商人 		0 	1 	0 	0 	0
同读<炼狱\流浪商人> 		MH012 		166 	97 	流浪商人 		0 	1 	0 	0 	0
同读<炼狱\流浪商人> 		MH019 		28 	43 	流浪商人 		0 	1 	0 	0 	0
同读<炼狱\流浪商人> 		MH026 		94 	105 	流浪商人 		0 	1 	0 	0 	0
同读<炼狱\流浪商人> 		MH030 		77 	55 	流浪商人 		0 	1 	0 	0 	0
同读<炼狱\流浪商人> 		MH031 		81 	138 	流浪商人 		0 	1 	0 	0 	0
同读<炼狱\流浪商人> 		MH032 		68 	61 	流浪商人 		0 	1 	0 	0 	0
同读<炼狱\流浪商人> 		MH036 		144 	63 	流浪商人 		0 	1 	0 	0 	0
同读<炼狱\流浪商人> 		MH040 		37 	98 	流浪商人 		0 	1 	0 	0 	0
同读<炼狱\流浪商人> 		MH041 		154 	158 	流浪商人 		0 	1 	0 	0 	0
同读<炼狱\流浪商人> 		MH042 		240 	245 	流浪商人 		0 	1 	0 	0 	0
同读<炼狱\流浪商人> 		MH054 		135 	119 	流浪商人 		0 	1 	0 	0 	0
同读<炼狱\流浪商人>		MH055 		62 	40 	流浪商人 		0 	1 	0 	0 	0
同读<炼狱\流浪商人> 		MH056 		62 	40 	流浪商人 		0 	1 	0 	0 	0
同读<炼狱\流浪商人> 		MH057 		62 	40 	流浪商人 		0 	1 	0 	0 	0
同读<炼狱\流浪商人> 		NL006 		33 	26 	流浪商人 		0 	1 	0 	0 	0

同读<炼狱\仓库管理员> 		MH001 		111 	88 	仓库管理员 		0 	2 	0 	0 	0
同读<炼狱\仓库管理员> 		MH008 		122 	61 	仓库管理员 		0 	2 	0 	0 	0
同读<炼狱\仓库管理员> 		MH012 		167 	90 	仓库管理员 		0 	2 	0 	0 	0
同读<炼狱\仓库管理员> 		MH019 		35 	38 	仓库管理员 		0 	2 	0 	0 	0
同读<炼狱\仓库管理员> 		MH026 		92 	98 	仓库管理员 		0 	2 	0 	0 	0
同读<炼狱\仓库管理员> 		MH036 		149 	67 	仓库管理员 		0 	2 	0 	0 	0
同读<炼狱\仓库管理员> 		MH055 		57 	39 	仓库管理员 		0 	2 	0 	0 	0
同读<炼狱\仓库管理员>		MH056 		57 	39 	仓库管理员 		0 	2 	0 	0 	0
同读<炼狱\仓库管理员>		MH057 		57 	39 	仓库管理员 		0 	2 	0 	0 	0
同读<炼狱\仓库管理员> 		NL006 		38 	27 	仓库管理员 		0 	2 	0 	0 	0

同读<炼狱\魔境传送门> 		NL001 		86 	195 	传送门 			0 	15 	0 	0 	0
同读<炼狱\魔境传送门> 		NL002 		203 	174 	传送门 			0 	15 	0 	0 	0
同读<炼狱\魔境传送门> 		NL003 		121 	126 	传送门 			0 	15 	0 	0 	0
同读<炼狱\魔境传送门> 		NL004 		347 	285 	传送门 			0 	15 	0 	0 	0
同读<炼狱\魔境传送门> 		NL005 		54 	41 	传送门 			0 	15 	0 	0 	0
同读<炼狱\魔境传送门> 		NL006 		47 	35 	传送门 			0 	15 	0 	0 	0
同读<炼狱\魔境传送门>		NL007 		76 	72 	传送门 			0 	15 	0 	0 	0
同读<炼狱\魔八传送门1> 		NL008 		160 	202 	传送门 			0 	15 	0 	0 	0
同读<炼狱\魔八传送门2> 		NL008 		111 	111 	传送门 			0 	15 	0 	0 	0
同读<炼狱\魔八传送门3>		NL008 		132 	40 	传送门 			0 	15 	0 	0 	0
同读<炼狱\魔九传送门1> 		NL009 		139 	250 	传送门 			0 	15 	0 	0 	0
同读<炼狱\魔九传送门2> 		NL009 		205 	192 	传送门 			0 	15 	0 	0 	0
同读<炼狱\魔九传送门3> 		NL009 		260 	126 	传送门 			0 	15 	0 	0 	0
同读<炼狱\魔九传送门4> 		NL009 		244 	118 	迷宫之门		0 	15 	0 	0 	0
同读<炼狱\魔十传送门1> 		NL010 		95 	91 	传送门 			0 	15 	0 	0 	0
同读<炼狱\魔十传送门2>		NL010 		106 	180 	传送门 			0 	15 	0 	0 	0
同读<炼狱\桃园传送门1>		MH054 		129 	142 	传送门 			0 	15 	0 	0 	0
同读<炼狱\桃园传送门2>		MH054 		139 	124 	传送门 			0 	15 	0 	0 	0

同读<炼狱\返回传送门>		MH008		34	113	传送门			0	15	0	0	0
同读<炼狱\返回传送门>		MH012		36	96	传送门			0	15	0	0	0
同读<炼狱\返回传送门>		MH019 		140 	132 	传送门 			0 	15 	0 	0 	0
同读<炼狱\返回传送门> 		MH026 		167 	90 	传送门 			0 	15 	0 	0 	0
同读<炼狱\返回传送门>		MH036 		66 	50 	传送门 			0 	15 	0 	0 	0

同读<炼狱\中转传送门>		MH008		127	67	传送门			0	15	0	0	0
同读<炼狱\中转传送门>		MH012		170	96	传送门			0	15	0	0	0
同读<炼狱\中转传送门> 		MH019 		31 	41 	传送门 			0 	15 	0 	0 	0
同读<炼狱\中转传送门> 		MH026 		88 	99 	传送门 			0 	15 	0 	0 	0
同读<炼狱\中转传送门> 		MH036 		146 	61 	传送门 			0 	15 	0 	0 	0

同读<炼狱\职业传送门>		MH002 		69 	17 	传送门 			0 	15 	0 	0 	0
同读<炼狱\职业传送门>		MH005 		117 	21 	传送门 			0 	15 	0 	0 	0
同读<炼狱\职业传送门>		MH009 		26 	225 	传送门 			0 	15 	0 	0 	0
同读<炼狱\职业传送门>		MH013 		37 	38 	传送门 			0 	15 	0 	0 	0
同读<炼狱\职业传送门>		MH016 		239 	84 	传送门 			0 	15 	0 	0 	0
同读<炼狱\职业传送门>		MH020 		19 	69 	传送门 			0 	15 	0 	0 	0
同读<炼狱\职业传送门>		MH023 		169 	210 	传送门 			0 	15 	0 	0 	0
同读<炼狱\职业传送门>		MH027 		243 	50 	传送门 			0 	15 	0 	0 	0
同读<炼狱\职业传送门>		MH030 		82 	55 	传送门 			0 	15 	0 	0 	0
同读<炼狱\职业传送门>		MH033 		36 	163 	传送门 			0 	15 	0 	0 	0
同读<炼狱\职业传送门>		MH037 		23 	136 	传送门 			0 	15 	0 	0 	0
同读<炼狱\职业传送门>		MH040 		42 	99 	传送门 			0 	15 	0 	0 	0
同读<炼狱\职业传送门>		MH055 		389 	45 	传送门 			0 	15 	0 	0 	0
同读<炼狱\职业传送门>		MH003 		123 	113 	传送门 			0 	15 	0 	0 	0
同读<炼狱\职业传送门>		MH006 		174 	314 	传送门 			0 	15 	0 	0 	0
同读<炼狱\职业传送门>		MH010 		197 	28 	传送门 			0 	15 	0 	0 	0
同读<炼狱\职业传送门>		MH014 		66 	147 	传送门 			0 	15 	0 	0 	0
同读<炼狱\职业传送门>		MH017 		148 	112 	传送门 			0 	15 	0 	0 	0
同读<炼狱\职业传送门>		MH021 		157 	186 	传送门 			0 	15 	0 	0 	0
同读<炼狱\职业传送门>		MH024 		196 	132 	传送门 			0 	15 	0 	0 	0
同读<炼狱\职业传送门>		MH028 		95 	78 	传送门 			0 	15 	0 	0 	0
同读<炼狱\职业传送门>		MH031 		84 	143 	传送门 			0 	15 	0 	0 	0
同读<炼狱\职业传送门>		MH034 		124 	165 	传送门 			0 	15 	0 	0 	0
同读<炼狱\职业传送门>		MH038 		38 	120 	传送门 			0 	15 	0 	0 	0
同读<炼狱\职业传送门>		MH041 		158 	158 	传送门 			0 	15 	0 	0 	0
同读<炼狱\职业传送门>		MH056 		389 	45 	传送门 			0 	15 	0 	0 	0
同读<炼狱\职业传送门>		MH004 		64 	87 	传送门 			0 	15 	0 	0 	0
同读<炼狱\职业传送门>		MH007 		161 	27 	传送门 			0 	15 	0 	0 	0
同读<炼狱\职业传送门>		MH011 		33 	66 	传送门 			0 	15 	0 	0 	0
同读<炼狱\职业传送门>		MH015 		130 	70 	传送门 			0 	15 	0 	0 	0
同读<炼狱\职业传送门>		MH018 		205 	76 	传送门 			0 	15 	0 	0 	0
同读<炼狱\职业传送门>		MH022 		185 	131 	传送门 			0 	15 	0 	0 	0
同读<炼狱\职业传送门>		MH025 		33 	146 	传送门 			0 	15 	0 	0 	0
同读<炼狱\职业传送门>		MH029 		251 	165 	传送门 			0 	15 	0 	0 	0
同读<炼狱\职业传送门>		MH032 		65 	68 	传送门 			0 	15 	0 	0 	0
同读<炼狱\职业传送门>		MH035 		93 	148 	传送门 			0 	15 	0 	0 	0
同读<炼狱\职业传送门>		MH039 		222 	150 	传送门 			0 	15 	0 	0 	0
同读<炼狱\职业传送门>		MH042 		238 	238 	传送门 			0 	15 	0 	0 	0
同读<炼狱\职业传送门>		MH057 		389 	45 	传送门 			0 	15 	0 	0 	0

同读<炼狱\神秘向导> 		MH002 		74 	19 	神秘向导 		0 	13 	0 	0 	0
同读<炼狱\神秘向导> 		MH005 		113 	20 	神秘向导 		0 	13 	0 	0 	0
同读<炼狱\神秘向导>		MH009 		30 	221 	神秘向导 		0 	13 	0 	0 	0
同读<炼狱\神秘向导>		MH013 		41 	43 	神秘向导 		0 	13 	0 	0 	0
同读<炼狱\神秘向导>		MH016 		244 	91 	神秘向导 		0 	13 	0 	0 	0
同读<炼狱\神秘向导> 		MH020 		24 	65	神秘向导 		0 	13 	0 	0 	0
同读<炼狱\神秘向导> 		MH023 		166 	212 	神秘向导 		0 	13 	0 	0 	0
同读<炼狱\神秘向导> 		MH027 		232 	38 	神秘向导 		0 	13 	0 	0 	0
同读<炼狱\神秘向导> 		MH030 		77 	61 	神秘向导 		0 	13 	0 	0 	0
同读<炼狱\神秘向导> 		MH033 		36 	154 	神秘向导 		0 	13 	0 	0 	0
同读<炼狱\神秘向导> 		MH037 		29 	138 	神秘向导 		0 	13 	0 	0 	0
同读<炼狱\神秘向导> 		MH040 		36 	102 	神秘向导 		0 	13 	0 	0 	0
同读<炼狱\神秘向导> 		MH003 		119 	110 	神秘向导 		0 	13 	0 	0 	0
同读<炼狱\神秘向导> 		MH006 		169 	312 	神秘向导 		0 	13 	0 	0 	0
同读<炼狱\神秘向导> 		MH010 		192 	33 	神秘向导 		0 	13 	0 	0 	0
同读<炼狱\神秘向导> 		MH014 		67 	142 	神秘向导 		0 	13 	0 	0 	0
同读<炼狱\神秘向导>		MH017 		143 	113 	神秘向导 		0 	13 	0 	0 	0
同读<炼狱\神秘向导> 		MH021 		162 	184 	神秘向导 		0 	13 	0 	0 	0
同读<炼狱\神秘向导> 		MH024 		188 	136 	神秘向导 		0 	13 	0 	0 	0
同读<炼狱\神秘向导> 		MH028 		98 	73 	神秘向导 		0 	13 	0 	0 	0
同读<炼狱\神秘向导> 		MH031 		83 	135 	神秘向导 		0 	13 	0 	0 	0
同读<炼狱\神秘向导> 		MH034 		124 	172 	神秘向导 		0 	13 	0 	0 	0
同读<炼狱\神秘向导> 		MH038 		33 	121 	神秘向导 		0 	13 	0 	0 	0
同读<炼狱\神秘向导> 		MH041 		160 	151 	神秘向导 		0 	13 	0 	0 	0
同读<炼狱\神秘向导> 		MH004 		67 	91 	神秘向导 		0 	13 	0 	0 	0
同读<炼狱\神秘向导> 		MH007 		166 	33 	神秘向导 		0 	13 	0 	0 	0
同读<炼狱\神秘向导>		MH011 		28 	69 	神秘向导 		0 	13 	0 	0 	0
同读<炼狱\神秘向导> 		MH015 		125 	66 	神秘向导 		0 	13 	0 	0 	0
同读<炼狱\神秘向导> 		MH018 		201 	73 	神秘向导 		0 	13 	0 	0 	0
同读<炼狱\神秘向导> 		MH022 		190 	134 	神秘向导 		0 	13 	0 	0 	0
同读<炼狱\神秘向导> 		MH025 		30 	152 	神秘向导 		0 	13 	0 	0 	0
同读<炼狱\神秘向导> 		MH029 		256 	167 	神秘向导 		0 	13 	0 	0 	0
同读<炼狱\神秘向导> 		MH032 		70 	67 	神秘向导 		0 	13 	0 	0 	0
同读<炼狱\神秘向导> 		MH035 		88 	152 	神秘向导 		0 	13 	0 	0 	0
同读<炼狱\神秘向导> 		MH039 		219 	154 	神秘向导 		0 	13 	0 	0 	0
同读<炼狱\神秘向导> 		MH042 		245 	238 	神秘向导 		0 	13 	0 	0 	0

财神\财神_案板			CAISHENMIAO	31	32	案板			0	323	0	0	0
财神\财神_财神庙接待员		CAISHENMIAO	17	69	财神庙接待员		0	327	0	0	0
财神\财神_功德榜		CAISHENMIAO	39	22	功德榜			0	325	0	0	0
财神\财神_金蟾			CAISHENMIAO	49	46	金蟾			0	324	0	0	0
财神\财神_香炉			CAISHENMIAO	51	32	香炉			0	326	0	0	0
财神\财神_许愿女孩		CAISHENMIAO	48	42	许愿女孩		0	328	0	0	0

特殊\幸运大使 			F025          	13   	9  	尸王                    0      	21 	0 	0 	0
特殊\幸运大使 			F025          	20   	9    	铜人                    0      	27 	0 	0 	0
特殊\幸运大使 			F025          	23  	12   	尸卫战将                0      	26 	0 	0 	0
特殊\幸运大使 			F025          	15	23   	白蛇妖                  0      	20 	0 	0 	0
特殊\幸运大使 			F025          	19	28   	逆魔弓箭手              0      	28 	0 	0 	0
特殊\幸运大使 			F025		16  	11    	利爪魔                  0      	23 	0 	0 	0
特殊\幸运大使 			F025 		8   	9   	强化尸王                0      	21 	0 	0 	0
特殊\幸运大使 			F025           	5  	11   	强化铜人                0      	27 	0 	0 	0
特殊\幸运大使 			F025       	9  	18  	妖力士                  0      	24 	0 	0 	0
特殊\幸运大使 			F025 		8 	22  	藤妖                    0      	30 	0 	0 	0
特殊\幸运大使 			F025   		4  	25   	强化藤妖                0      	30 	0 	0 	0
特殊\幸运大使 			F025  		8   	28  	强化妖力士              0      	24 	0 	0 	0
特殊\幸运大使 			F025   		12  	22   	招魂使                  0      	22 	0 	0 	0
特殊\幸运大使 			F025  		13  	29   	强化尸卫战将            0      	26 	0 	0 	0
特殊\幸运大使 			F025   		16 	31   	强化利爪魔              0      	23 	0 	0 	0
特殊\幸运大使 			F025    	20   	29  	强化白蛇妖              0      	20 	0 	0 	0
特殊\幸运大使 			F025    	16  	25  	强化逆魔弓箭手          0      	28 	0 	0 	0
特殊\幸运大使 			F025     	12   	15   	强化招魂使              0      	22 	0 	0 	0
特殊\幸运大使 			F025 		14   	17   	邪恶士兵                0      	34 	0 	0 	0
特殊\幸运大使 			F025    	18 	14   	强化邪恶士兵            0      	34 	0 	0 	0

特殊\通天_旋涡 			J008 		27 	22 	通天旋涡 		0 	25 	0 	0 	0
特殊\通天_旋涡 			TT009 		157 	234 	通天旋涡 		0 	25 	0 	0 	0
特殊\修罗定天柱 		AS004 		161 	135 	修罗定天柱 		0 	45 	0 	0 	0

特殊\流浪商人 			BT004 		41 	115 	流浪商人 		0 	1 	0 	0	0
特殊\冰道入口 			N002 		375 	277 	冰道入口 		0 	40	0	0	0
特殊\冰道入口 			H082 		103 	88 	冰道入口 		0 	40	0	0	0
特殊\冰道入口 			S013 		424 	282 	冰道入口 		0 	40	0	0	0
特殊\魔环    			MC014   	76   	73      魔环  			0       40      0    	0       0
特殊\老人    			F004	   	39   	13      老人  			0       5      0    	0       0