;地图 		X坐标 	Y坐标 	怪物名称 		范围 	数量 	刷怪间隔 	集中座标刷怪几率 	是否死后过了间隔才刷(0,1) 	怪物新名字 	宠物等级

;落霞岛------------------------------------------------------------------------落霞岛

1		200	300	兔			30	150	3
1		250	245	兔			110	100	3
1		250	245	鹿			110	400	3
1		250	245	树			200	30	20

1		430	355	蟒			55	70	6
1		430	355	食人花			55	40	6
1		430	355	巨猿1			30	1	20
1		430	355	刀犬			90	120	4
1		430	355	棍犬			90	120	4
1		430	355	刀犬1			90	7	4
1		430	355	棍犬1			90	7	4

1		80	230	鱼人			70	100	5
1		80	230	刀犬			70	70	4
1		80	230	棍犬			70	70	4
1		80	230	癞蛤蟆			70	50	4
1		80	230	稻草人			70	70	4
1		80	230	鱼人1			70	4	5
1		80	230	刀犬1			70	2	4
1		80	230	棍犬1			70	2	4
1		80	230	稻草人1			70	2	4

1		244	65	刀犬			40	60	4
1		244	65	棍犬			40	60	4
1		244	65	稻草人			40	60	4
1		244	65	刀犬1			40	4	4
1		244	65	棍犬1			40	4	4
1		244	65	稻草人1			40	4	4

1		170	120	鱼人			50	80	5
1		170	120	棍犬			50	70	4
1		170	120	刀犬			50	70	4
1		170	120	稻草人			50	50	4
1		170	120	鱼人1			50	5	5
1		170	120	棍犬1			50	4	4
1		170	120	刀犬1			50	4	4
1		170	120	稻草人1			50	3	4

1		400	415	蟒			40	60	6
1		400	415	毒蜘蛛			40	20	7
1		400	415	巨猿			40	1	20
1		400	415	蟒1			40	4	6

1		372	473	癞蛤蟆			30	40	4
1		372	473	鱼人			30	30	5
1		372	473	鱼人1			30	2	5

1		133	381	鱼人			50	50	5
1		133	381	蟒			50	50	5
1		133	381	稻草人			50	50	4
1		133	381	鱼人1			50	3	6
1		133	381	蟒1			50	3	5
1		133	381	稻草人1			50	3	5

1		227	354	棍犬			30	100	4
1		259	403	鱼人			50	50	4
1		259	403	稻草人			50	50	4
1		259	403	刀犬			50	50	4
1		259	403	棍犬			50	50	4
1		259	403	鱼人1			50	3	5
1		259	403	稻草人1			50	3	4
1		259	403	刀犬1			50	3	4
1		259	403	棍犬1			50	3	4

1		333	69	蟒			60	40	5
1		333	69	稻草人			60	40	4
1		333	69	毒蜘蛛			30	30	6
1		333	69	蟒1			60	2	5
1		333	69	稻草人1			60	2	4


;矿区入口
T011		75	81	洞蛆			75	30	10
T011		75	81	僵尸2			75	50	3
T011		75	81	僵尸3			75	50	3
T011		75	81	僵尸20			75	2	10
T011		75	81	僵尸30			75	2	10
T011		75	81	黄金怪物1		10	1	60

T012		53	50	洞蛆			50	10	8
T012		53	50	僵尸2			50	70	8
T012		53	50	僵尸3			50	30	8
T012		53	50	僵尸20			50	2	16
T012		53	50	僵尸30			50	2	16

T013		50	45	洞蛆			50	10	8
T013		50	45	僵尸2			50	40	8
T013		50	45	僵尸3			50	60	8
T013		50	45	僵尸20			50	2	16
T013		50	45	僵尸30			50	2	16

T014		39	48	僵尸1			30	10	9
T014		39	48	僵尸4			50	20	8
T014		39	48	僵尸3			50	30	8
T014		77	87	僵尸10			30	1	18
T014		77	87	僵尸40			50	1	16
T014		77	87	僵尸30			50	2	16

T015		108	107	僵尸1			70	70	9
T015		108	107	僵尸4			100	100	8
T015		108	107	僵尸5			100	100	8
T015		108	107	骷髅			100	30	10
T015		108	107	尸王1			100	2	30
T015		108	107	僵尸10			70	2	18
T015		108	107	僵尸40			100	3	16
T015		108	107	僵尸50			100	3	16
T015		108	107	骷髅1			100	1	20
T015		108	107	尸王2			100	1	60

T016		77	76	僵尸1			55	30	9
T016		77	76	僵尸5			75	80	8
T016		77	76	僵尸3			75	60	8
T016		77	76	骷髅			75	10	10
T016		77	76	尸王1			75	1	60
T016		77	76	僵尸10			55	1	18
T016		77	76	僵尸50			75	3	16
T016		77	76	僵尸30			75	2	16
T016		77	76	骷髅1			75	1	20

T017		73	70	僵尸1			65	20	9
T017		73	70	僵尸2			75	60	8
T017		73	70	僵尸3			75	40	8
T017		73	70	僵尸10			65	1	18
T017		73	70	僵尸20			75	2	16
T017		73	70	僵尸30			75	2	16

T018		77	87	僵尸1			65	20	9
T018		77	87	僵尸2			75	40	8
T018		77	87	僵尸3			75	60	8
T018		77	87	僵尸10			65	1	18
T018		77	87	僵尸20			75	2	16
T018		77	87	僵尸30			75	2	16

T019		74	73	僵尸1			55	10	9
T019		74	73	僵尸4			75	80	8
T019		74	73	僵尸3			75	80	8
T019		74	73	骷髅			75	10	10
T019		74	73	尸王1			75	1	60
T019		74	73	僵尸10			55	1	18
T019		74	73	僵尸40			75	3	16
T019		74	73	僵尸30			75	3	16
T019		74	73	骷髅1			75	1	20

T020		42	51	僵尸4			50	10	9
T020		42	51	僵尸2			50	20	8
T020		42	51	僵尸3			50	30	8
T020		42	51	僵尸40			50	1	18
T020		42	51	僵尸20			50	1	16
T020		42	51	僵尸30			50	2	16

T021		42	51	僵尸1			30	10	7
T021		42	51	僵尸4			50	20	8
T021		42	51	僵尸5			50	20	9
T021		42	51	骷髅			50	10	9
T021		42	51	僵尸10			30	1	14
T021		42	51	僵尸40			50	1	16
T021		42	51	僵尸50			50	1	18
T021		42	51	骷髅1			50	1	18

T022		50	57	僵尸5			50	20	8
T022		50	57	僵尸3			50	30	8
T022		50	57	僵尸2			50	30	8
T022		50	57	僵尸50			50	1	16
T022		50	57	僵尸30			50	2	16
T022		50	57	僵尸20			50	2	16

L004		95	66	僵尸11			35	50	5
L004		95	66	僵尸101			35	1	8
L004		95	66	僵尸21			35	50	5
L004		95	66	僵尸201			35	1	8
L004		95	66	骷髅2			35	50	5
L004		95	66	骷髅3			35	1	8
L004		53	87	僵尸11			25	20	6
L004		53	87	僵尸101			25	1	20
L004		53	87	僵尸21			25	20	6
L004		53	87	僵尸201			25	1	20
L004		53	87	骷髅2			25	20	6
L004		53	87	骷髅3			25	1	20
L004		53	87	尸王3			15	30	40
L004		53	87	尸王4			15	5	60
L004		53	87	尸王5			5	1	120

;中州大地图

0		439	629	猪			60	100	3
0		439	629	癞蛤蟆			40	50	3
0		305	635	刀犬			50	50	4
0		305	635	棍犬			50	50	4
0		305	635	鱼人			50	50	5
0		305	635	刀犬1			50	2	4
0		305	635	棍犬1			50	2	4
0		305	635	鱼人1			50	2	5
0		478	318	猪			75	40	3
0		478	338	癞蛤蟆			55	30	3
0		478	318	刀犬			25	1	4
0		380	217	猪			80	40	3
0		358	205	癞蛤蟆			60	30	3
0		380	217	棍犬			25	1	4
0		554	144	猪			35	20	3
0		554	144	癞蛤蟆			20	10	3
0		468	89	猪			30	20	3
0		468	89	癞蛤蟆			25	10	3
0		605	228	猪			30	20	3
0		605	228	癞蛤蟆			25	10	3
0		621	89	刀犬			40	40	4
0		621	89	棍犬			40	40	4
0		621	89	蟒			20	20	5
0		621	89	刀犬1			40	2	4
0		621	89	棍犬1			40	2	4
0		621	89	蟒1			20	1	5
0		704	228	刀犬			80	40	4
0		704	228	棍犬			80	40	4
0		704	228	稻草人			80	40	4
0		704	228	刀犬1			80	2	4
0		704	228	棍犬1			80	2	4
0		704	228	稻草人1			80	2	4
0		435	476	刀犬			110	90	4
0		435	476	棍犬			110	90	4
0		435	476	鱼人			110	90	5
0		435	476	稻草人			110	70	4
0		435	476	刀犬1			110	4	4
0		435	476	棍犬1			110	4	4
0		435	476	鱼人1			110	4	5
0		435	476	稻草人1			110	3	4
0		618	317	刀犬			50	40	4
0		618	317	棍犬			50	40	4
0		618	317	稻草人			50	60	4
0		618	317	刀犬1			50	2	4
0		618	317	棍犬1			50	2	4
0		618	317	稻草人1			50	3	4
0		351	330	刀犬			30	20	4
0		351	330	棍犬			30	20	4
0		351	330	稻草人			30	20	4
0		351	330	刀犬1			30	1	4
0		351	330	棍犬1			30	1	4
0		351	330	稻草人1			30	1	4
0		325	110	癞蛤蟆			65	50	4
0		325	110	稻草人			65	20	4
0		325	110	稻草人1			65	1	4
0		718	91	食人花			50	60	6
0		718	91	蟒			50	50	6
0		718	91	毒蜘蛛			50	30	6
0		718	91	蟒1			50	2	6
0		718	91	枣红马1			50	3	15
0		718	91	雪龙1			50	5	180
0		718	91	树			40	10	20
0		716	336	食人花			50	50	6
0		716	336	蟒			50	70	6
0		716	336	蟒1			50	3	6
0		716	336	枣红马1			50	4	15
0		716	336	树			40	10	20
0		655	465	食人花			100	100	6
0		655	465	蟒			100	90	6
0		655	465	毒蜘蛛			100	80	6
0		655	465	蟒1			100	4	6
0		655	465	巨猿1			100	1	20
0		655	465	枣红马1			100	9	15
0		655	465	乌雅1			120	8	30
0		655	465	乌骓			100	1	30
0		655	465	树			80	30	20
0		635	615	食人花			120	120	6
0		635	615	蟒			120	100	6
0		635	615	毒蜘蛛			120	70	6
0		635	615	蟒1			120	5	6
0		635	615	巨猿1			120	2	20
0		635	615	枣红马1			120	11	15
0		635	615	乌雅1			120	8	30
0		635	615	树			100	40	25
0		662	728	鱼人			50	30	5
0		662	728	鱼人1			50	1	5
0		201	627	鱼人			50	80	6
0		201	627	蟒			50	30	6
0		201	627	鱼人1			50	4	6
0		201	627	蟒1			50	1	6
0		193	434	食人花			120	100	6
0		193	434	蟒			120	100	6
0		193	434	毒蜘蛛			80	40	7
0		193	434	蟒1			120	5	6
0		193	434	枣红马1			120	8	15
0		193	434	乌雅1			120	8	30
0		193	434	树			100	20	25
0		120	579	鱼人			25	30	6
0		120	579	鱼人1			25	1	6
0		155	177	食人花			125	100	6
0		155	177	蟒			125	120	6
0		155	177	毒蜘蛛			125	70	6
0		155	177	蟒1			125	6	6
0		155	177	枣红马1			125	10	15
0		155	177	乌骓			125	2	30
0		155	177	树			110	30	25
0		580	335	棍犬2			10	2	60
0		305	635	树			40	150	20
0		704	228	树			50	200	20

	
;将军坟东
H081		203	205	蝎子			200	100	3
H081		203	205	黄金怪物1		10	1	60
H081		203	205	尸卫			200	150	3
H081		203	205	尸卫勇士		200	200	3
H081		203	205	山洞蝙蝠		200	130	3
H081		203	205	洞蛆			200	50	7
H081		203	205	尸卫1			190	5	12
H081		203	205	尸卫勇士1		190	4	14
H081		203	205	山洞蝙蝠1		190	5	12

H082		164	146	蝎子			160	50	6
H082		164	146	山洞蝙蝠		160	30	6
H082		164	146	洞蛆			160	20	6
H082		164	146	尸卫			160	100	7
H082		164	146	尸卫勇士		160	90	8
H082		164	146	尸卫战将		160	80	7
H082		164	146	掷枪尸卫		140	100	7

H082		164	146	尸卫1			160	5	7
H082		164	146	尸卫勇士1		160	4	8
H082		164	146	尸卫战将1		160	3	7
H082		164	146	掷枪尸卫1		140	5	7
H082		164	146	山洞蝙蝠1		160	2	6

H083		163	169	尸卫			160	150	6
H083		163	169	尸卫勇士		160	120	6
H083		163	169	尸卫战将		160	120	6
H083		163	169	掷枪尸卫		140	150	6
H083		163	169	尸卫1			160	5	6
H083		163	169	尸卫勇士1		160	4	6
H083		163	169	尸卫战将1		160	4	6
H083		163	169	掷枪尸卫1		140	5	6

H084		155	154	尸卫			160	120	6
H084		155	154	尸卫勇士		160	100	6
H084		155	154	尸卫战将		160	100	6
H084		155	154	掷枪尸卫		140	120	6
H084		155	154	尸卫1			160	4	6
H084		155	154	尸卫勇士1		160	3	6
H084		155	154	尸卫战将1		160	3	6
H084		155	154	掷枪尸卫1		140	4	6

H085		190	194	尸卫			160	80	5
H085		190	194	尸卫勇士		160	120	5
H085		190	194	尸卫战将		160	120	5
H085		190	194	掷枪尸卫		130	100	5
H085		190	194	尸卫1			160	3	5
H085		190	194	尸卫勇士1		160	3	5
H085		190	194	尸卫战将1		160	3	5
H085		190	194	掷枪尸卫1		130	3	5

H086		175	210	尸卫			200	100	5
H086		175	210	尸卫勇士		200	180	5
H086		175	210	尸卫战将		200	180	5
H086		175	210	掷枪尸卫		150	140	5
H086		175	210	尸卫1			200	3	5
H086		175	210	尸卫勇士1		200	5	5
H086		175	210	尸卫战将1		200	5	5
H086		175	210	掷枪尸卫1		150	4	5

;将军坟一层
H071		256	266	蝎子			250	50	3
H071		256	266	黄金怪物1		10	1	60
H071		256	266	尸卫2			250	300	3
H071		256	266	尸卫勇士2		250	250	3
H071		256	266	山洞蝙蝠		250	100	3
H071		256	266	洞蛆			250	50	3
H071		256	266	尸卫3			250	15	12
H071		256	266	尸卫勇士3		250	12	12
H071		256	266	山洞蝙蝠1		250	5	10
H071		250	265	尸卫勇士4		12	2	60

H072		200	200	蝎子			200	50	6
H072		200	200	黄金怪物2		10	1	60
H072		200	200	山洞蝙蝠		200	30	6
H072		200	200	洞蛆			200	20	6
H072		200	200	尸卫2			200	180	9
H072		200	200	尸卫勇士2		200	150	9
H072		200	200	尸卫战将26		200	130	10
H072		200	200	掷枪尸卫2		200	180	10
H072		200	200	尸卫3			200	9	12
H072		200	200	尸卫勇士3		200	7	12
H072		200	200	尸卫战将3		200	6	12
H072		200	200	掷枪尸卫3		200	9	12
H072		200	200	山洞蝙蝠1		200	2	6
H072		210	185	尸卫战将5		12	2	60

H073		200	200	尸卫2			200	180	9
H073		200	200	尸卫勇士2		200	150	9
H073		200	200	尸卫战将2		200	150	9
H073		200	200	掷枪尸卫18		200	180	9
H073		200	200	尸卫3			200	6	9
H073		200	200	尸卫勇士3		200	5	9
H073		200	200	尸卫战将3		200	5	9
H073		200	200	掷枪尸卫3		200	6	9

H074		43	39	尸卫勇士2		10	20	6
H074		50	44	掷枪尸卫2		10	20	6
H074		81	71	尸卫2			90	100	8
H074		81	71	尸卫勇士2		90	100	8
H074		81	71	尸卫战将2		90	100	9
H074		81	71	掷枪尸卫2		90	70	9
H074		81	71	掷枪尸卫2		20	60	9
H074		112	110	掷枪尸卫2		10	20	9
H074		106	100	尸卫勇士2		10	10	8
H074		106	100	尸卫战将2		10	10	9
H074		83	71	尸卫3			90	5	10
H074		83	71	尸卫勇士3		90	6	12
H074		83	71	尸卫战将3		90	5	12
H074		83	71	掷枪尸卫3		90	8	12
H074		83	71	尸卫战将4		40	1	60
H074		112	110	尸霸			4	1	240

;热砂荒漠
2		130	430	牛			50	50	4
2		188	537	牛			25	20	4
2		282	445	牛			25	20	4
2		270	590	牛			80	150	4
2		270	590	沙雕			80	20	6
2		230	800	蟒			100	80	5
2		230	800	食人花			100	40	5
2		230	800	巨猿			100	50	5
2		230	800	大土蛇			200	300	7
2		230	800	土狼			170	200	5
2		230	800	蟒1			100	4	5
2		230	800	大土蛇1			200	10	14
2		230	800	树			100	50	15
2		130	300	仙人掌			70	70	6
2		130	300	沙蝎			70	60	5
2		130	300	沙怪			70	50	5
2		130	300	沙雕			70	30	5
2		130	300	沙蝎1			70	3	5
2		130	300	沙怪1			70	2	5
2		130	300	沙雕1			70	2	5
2		370	440	仙人掌			70	70	6
2		370	440	沙蝎			70	60	5
2		370	440	沙怪			70	50	5
2		370	440	沙雕			70	30	5
2		370	440	沙蝎1			70	2	5
2		370	440	沙怪1			70	2	5
2		370	440	沙雕1			70	2	5
2		350	220	仙人掌			150	100	5
2		350	220	沙蝎			150	100	5
2		350	220	沙怪			150	80	5
2		350	220	沙雕			150	80	5
2		350	220	沙蝎1			150	4	5
2		350	220	沙怪1			150	2	5
2		350	220	沙雕1			150	2	5
2		70	520	沙蝎			50	30	6
2		70	520	沙怪			50	30	6
2		70	520	沙蝎1			50	1	6
2		70	520	沙怪1			50	1	6
2		166	326	沙鱼			50	50	6
2		166	326	沙鱼1			50	2	6
2		166	326	沙鱼王			50	1	30
2		280	315	沙鱼			40	40	6
2		280	315	沙鱼1			40	1	6
2		280	315	沙鱼			40	1	30
2		428	225	沙鱼			30	30	6
2		428	225	沙鱼1			30	1	6
2		380	291	沙鱼			30	30	6
2		380	291	沙鱼1			30	1	6
2		386	422	沙鱼			30	30	6
2		386	422	沙鱼1			30	1	6
2		340	383	沙鱼			20	20	6
2		340	383	沙鱼1			20	1	6
2		340	351	沙鱼			20	20	6
2		340	351	沙鱼1			20	1	6
2		415	539	沙鱼			30	30	6
2		415	539	沙鱼1			30	1	6
2		290	550	土狼1			10	2	60
2		160	460	地下小鬼		20	20	60
2		160	460	地下小鬼11		20	1	60
2		160	460	地下小鬼12		20	1	60
2		160	460	地下小鬼13		20	5	60
2		160	460	地下小鬼14		20	5	60


;;机关洞

M001		148	144	铜人			140	120	8
M001		148	144	铜人1			140	3	10
M001		148	144	铜人2			140	30	8
M001		148	144	铜人3			140	1	10
M001		148	144	青铜兽			140	150	8
M001		148	144	青铜兽1			140	3	10
			
M002		201	197	铜人			180	140	8
M002		201	197	铜人1			180	4	10
M002		201	197	铜人2			180	60	8
M001		201	197	铜人3			180	2	10
M002		201	197	青铜兽			180	200	8
M002		201	197	青铜兽1			180	4	10
M002		201	197	滚刀手			180	50	8
M002		201	197	滚刀手1			180	1	10
			
M003		187	165	铜人			180	60	8
M003		187	165	铜人1			180	2	10
M003		187	165	铜人2			180	60	8
M001		187	165	铜人3			180	2	10
M003		187	165	青铜兽			180	120	8
M003		187	165	青铜兽1			180	2	10
M003		187	165	滚刀手			180	30	8
M003		187	165	滚刀手1			180	1	10
			
M004		75	75	铜人			70	20	8
M003		75	75	铜人2			70	10	8
M004		75	75	铜人1			70	1	12
M001		75	75	铜人3			70	1	12
M004		75	75	青铜兽			70	30	8
M004		75	75	青铜兽1			70	1	12
M004		75	75	滚刀手			70	20	8
M004		75	75	滚刀手1			70	1	12

M005		112	76	铜人			80	15	8
M005		112	76	铜人1			80	1	16
M005		112	76	铜人2			80	10	8
M005		112	76	铜人3			80	1	16
M005		112	76	青铜兽			80	25	8
M005		112	76	青铜兽1			80	1	16
M005		37	75	铜人			80	15	8
M005		37	75	铜人1			80	1	16
M005		112	76	铜人2			80	10	8
M005		112	76	铜人3			80	1	16
M005		37	75	青铜兽			80	25	8
M005		37	75	青铜兽1			80	1	16

M006		103	110	铜人			100	50	7
M006		103	110	铜人1			100	1	10
M006		103	110	铜人2			100	30	7
M006		103	110	铜人3			100	1	10
M006		103	110	青铜兽			100	80	7
M006		103	110	青铜兽1			100	2	10
M006		103	110	滚刀手			100	100	7
M006		103	110	滚刀手1			100	2	10
M006		103	110	石人			100	40	8
M006		103	110	石人1			100	1	10
M006		103	110	铜锤手			100	40	10
M006		103	110	铜锤手1			100	1	12
M006		103	110	金刚人			100	1	40
M006		103	110	金刚人1			100	1	20

M007		121	121	铜人			120	110	8
M007		121	121	铜人1			120	3	10
M007		121	121	铜人2			120	40	8
M007		121	121	铜人3			120	1	10
M007		121	121	青铜兽			120	150	8
M007		121	121	青铜兽1			120	3	10
M007		121	121	滚刀手			120	50	8
M007		121	121	滚刀手1			120	2	10
M007		150	130	铜锤手2			12	1	60

M008		81	74	铜人			70	50	7
M008		81	74	铜人1			70	1	12
M008		81	74	铜人2			70	20	7
M008		81	74	铜人3			70	1	12
M008		81	74	青铜兽			70	70	7
M008		81	74	青铜兽1			70	2	12
M008		81	74	滚刀手			70	80	7
M008		81	74	滚刀手1			70	2	12
M008		81	74	石人			70	20	8
M008		81	74	石人1			70	1	15
M008		81	74	铜锤手			70	20	10
M008		81	74	铜锤手1			70	1	18
M008		81	74	金刚人			70	1	40
		
M009		128	116	铜人			110	60	7
M009		128	116	铜人1			110	1	9
M009		128	116	铜人2			110	30	7
M009		128	116	铜人3			110	1	9
M009		128	116	青铜兽10		110	90	7
M009		128	116	青铜兽1			110	2	9
M009		128	116	滚刀手			110	120	7
M009		128	116	滚刀手1			110	3	9
M009		128	116	石人			110	60	8
M009		128	116	石人1			110	2	14
M009		128	116	铜锤手			110	60	10
M009		128	116	铜锤手1			110	2	16
M009		128	116	金刚人			110	1	40
M009		128	116	金刚人1			110	1	20
M009		95	155	金刚人2			12	1	60
	
M010		125	125	铜人			120	110	8
M010		125	125	铜人1			120	2	10
M010		125	125	铜人2			120	40	8
M010		125	125	铜人3			120	1	10
M010		125	125	青铜兽			120	150	8
M010		125	125	青铜兽1			120	3	10
M010		125	125	滚刀手			120	100	8
M010		125	125	滚刀手1			120	2	10
			
M011		75	75	铜人			70	40	8
M011		75	75	铜人1			70	1	17
M011		75	75	铜人2			70	20	8
M011		75	75	铜人3			70	1	17
M011		75	75	青铜兽			70	60	8
M011		75	75	青铜兽1			70	2	17
M011		75	75	滚刀手			70	40	8
M011		75	75	滚刀手1			70	1	17
			
M012		127	127	铜人			120	110	8
M012		127	127	铜人1			120	2	10
M012		127	127	铜人2			120	40	8
M012		127	127	铜人3			120	1	10
M012		127	127	青铜兽			120	150	8
M012		127	127	青铜兽1			120	3	10
M012		127	127	滚刀手			120	100	8
M012		127	127	滚刀手1			120	2	10
			
M013		74	74	铜人			70	70	8
M013		74	74	铜人1			70	1	10
M013		74	74	铜人2			70	30	8
M013		74	74	铜人3			70	1	10
M013		74	74	青铜兽			70	100	8
M013		74	74	青铜兽1			70	2	10
	
M014		74	77	铜人			60	50	7
M014		74	77	铜人1			60	1	10
M014		74	77	铜人2			60	20	7
M014		74	77	铜人3			60	1	10
M014		74	77	青铜兽			60	70	7
M014		74	77	青铜兽1			60	2	10
M014		74	77	滚刀手			60	80	7
M014		74	77	滚刀手1			60	2	10
M014		74	77	石人			60	20	8
M014		74	77	石人1			60	1	17
M014		74	77	铜锤手			60	20	10
M014		74	77	铜锤手1			60	1	19
M014		74	77	金刚人			60	1	40
		
M015		94	116	铜人			80	45	7
M015		94	116	铜锤手			80	1	60
M015		94	116	铜人1			80	1	10
M015		94	116	铜人2			80	15	7
M015		94	116	铜人3			80	1	10
M015		94	116	青铜兽			80	60	7
M015		94	116	青铜兽1			80	2	10
M015		94	116	滚刀手			80	70	7
M015		94	116	滚刀手1			80	2	12
M015		94	116	石人			80	40	7
M015		94	116	石人1			80	1	12
M015		94	116	铜锤手			80	40	9
M015		94	116	铜锤手1			80	1	14
M015		94	116	金刚人			80	1	40
M015		94	116	金刚人1			80	1	20
		
M018		125	125	铜人			120	90	7
M018		125	125	铜人1			120	2	10
M018		125	125	铜人2			120	30	7
M018		125	125	铜人3			120	2	10
M018		125	125	青铜兽			120	120	7
M018		125	125	铜锤手 			120	1	60
M018		125	125	青铜兽1			120	4	10
M018		125	125	滚刀手			120	150	7
M018		125	125	滚刀手1			120	4	10
M018		125	125	石人			120	100	7
M018		125	125	石人1			120	3	12
M018		125	125	铜锤手			120	80	10
M018		125	125	铜锤手1			120	2	16
M018		125	125	金刚人			120	3	40
M018		125	125	金刚人1			120	3	20
M018		125	125	机关巨兽		100	1	60
		
M020		76	70	铜人			75	50	8
M020		76	70	铜人1			75	1	12
M020		76	70	铜人2			75	20	8
M020		76	70	铜人3			75	1	12
M020		76	70	青铜兽			75	70	8
M020		76	70	青铜兽1			75	2	12
M020		76	70	滚刀手			75	70	8
M020		76	70	滚刀手1			75	2	12
		
M021		125	115	铜人			120	90	8
M021		125	115	铜人1			120	2	10
M021		125	115	铜人2			120	30	8
M021		125	115	铜人3			120	1	10
M021		125	115	青铜兽			120	120	8
M021		125	115	青铜兽1			120	3	10
M021		125	115	滚刀手			120	120	8
M021		125	115	滚刀手1			120	3	10
M021		125	115	石人			120	100	8
M021		125	115	石人1			120	2	10
		
M022		50	50	铜人			40	30	7
M022		50	50	铜人1			40	1	13
M022		50	50	铜人2			40	10	7
M022		50	50	铜人3			40	1	20
M022		50	50	青铜兽			40	40	7
M022		50	50	青铜兽1			40	1	13
M022		50	50	滚刀手			40	40	7
M022		50	50	滚刀手1			40	1	13
M022		50	50	石人			40	40	7
M022		50	50	石人1			40	1	13
		
M023		120	127	铜人			120	90	7
M023		120	127	铜人1			120	2	10
M023		120	127	铜人2			120	30	7
M023		120	127	铜人3			120	1	10
M023		120	127	青铜兽			120	120	7
M023		120	127	青铜兽1			120	3	10
M023		120	127	滚刀手			120	120	7
M023		120	127	滚刀手1			120	3	10
M023		120	127	石人			120	100	7
M023		120	127	石人1			120	3	10
M023		120	127	铜锤手			120	50	10
M023		120	127	铜锤手1			120	1	14
M023		120	127	金刚人1			120	1	20
		
M024		155	150	铜人			140	90	7
M024		155	150	铜人1			140	2	10
M024		155	150	铜人2			140	30	7
M024		155	150	铜人3			140	1	10
M024		155	150	青铜兽			140	120	7
M024		155	150	青铜兽1			140	3	10
M024		155	150	滚刀手			140	120	7
M024		155	150	铜锤手			140	1	60
M024		155	150	滚刀手1			140	3	10
M024		155	150	石人			140	100	7
M024		155	150	石人1			140	2	9
M024		155	150	铜锤手			140	50	10
M024		155	150	铜锤手1			140	1	14
M024		155	150	金刚人			140	1	40
M024		155	150	金刚人1			140	1	20
		
M025		125	125	铜人			110	115	7
M025		125	125	铜人1			110	2	10
M025		125	125	铜人2			110	35	7
M025		125	125	铜人3			110	1	10
M025		125	125	青铜兽			110	150	7
M025		125	125	青铜兽1			110	3	10
M025		125	125	滚刀手			110	150	7
M025		125	125	滚刀手1			110	3	10
M025		125	125	铜锤手			110	1	60
M025		125	125	石人			110	120	7
M025		125	125	石人1			110	3	12
M025		125	125	铜锤手			110	70	9
M025		125	125	铜锤手1			110	2	12
M025		125	125	金刚人			110	2	40
M025		125	125	金刚人1			110	2	20
M025		125	125	机关巨兽		110	1	60
		
M026		150	150	铜人			150	50	7
M026		150	150	铜人1			150	1	10
M026		150	150	铜人2			150	20	7
M026		150	150	铜人3			150	1	15
M026		150	150	青铜兽			150	70	7
M026		150	150	青铜兽1			150	2	10
M026		150	150	滚刀手			150	70	7
M026		150	150	滚刀手1			150	2	10
M026		150	150	石人			150	50	7
M026		150	150	石人1			150	1	13
M026		150	150	铜锤手			150	20	10
M026		150	150	铜锤手1			150	1	16
M026		150	150	金刚人			150	1	40
M026		150	150	金刚人1			150	1	20
		
M027		70	94	铜人			70	35	7
M027		70	94	铜人1			70	1	10
M027		70	94	铜人2			70	10	7
M027		70	94	铜人3			70	1	20
M027		70	94	青铜兽			70	45	7
M027		70	94	青铜兽1			70	1	10
M027		70	94	滚刀手			70	45	7
M027		70	94	滚刀手1			70	1	10
M027		70	94	石人			70	45	7
M027		70	94	石人1			70	1	10
M027		70	94	铜锤手			70	10	10
M027		70	94	铜锤手1			70	1	30
		
M028		130	120	铜人			120	75	8
M028		130	120	铜人1			120	1	9
M028		130	120	铜人2			120	25	8
M028		130	120	铜人3			120	1	9
M028		130	120	青铜兽			120	100	8
M028		130	120	青铜兽1			120	2	9
M028		130	120	滚刀手			120	100	8
M028		130	120	滚刀手1			120	2	9
M028		130	120	石人			120	80	8
M028		130	120	石人1			120	2	9
		
M029		54	49	铜人			50	30	8
M029		54	49	铜人1			50	1	9
M029		54	49	铜人2			50	10	8
M029		54	49	铜人3			50	1	15
M029		54	49	青铜兽			50	50	8
M029		54	49	青铜兽1			50	1	9
M029		54	49	滚刀手			50	40	8
M029		54	49	滚刀手1			50	1	9
		
M030		92	111	铜人			80	60	7
M030		92	111	铜人1			80	1	9
M030		92	111	铜人2			80	20	7
M030		92	111	铜人3			80	1	9
M030		92	111	青铜兽			80	80	7
M030		92	111	青铜兽1			80	2	9
M030		92	111	滚刀手			80	80	7
M030		92	111	滚刀手1			80	2	9
M030		92	111	石人			80	50	7
M030		92	111	石人1			80	2	12
M030		92	111	铜锤手			80	20	9
M030		92	111	铜锤手1			80	1	21
		
M031		100	100	铜人			80	60	7
M031		100	100	铜人1			80	1	9
M031		100	100	铜人2			80	20	7
M031		100	100	铜人3			80	1	9
M031		100	100	青铜兽			80	80	7
M031		100	100	青铜兽1			80	2	9
M031		100	100	滚刀手			80	80	7
M031		100	100	滚刀手1			80	2	9
M031		100	100	石人			80	50	7
M031		100	100	石人1			80	2	13
M031		100	100	铜锤手			80	20	9
M031		100	100	铜锤手1			80	1	17
		
M032		101	88	铜人			80	60	7
M032		101	88	铜人1			80	1	9
M032		101	88	铜人			80	20	7
M032		101	88	铜人1			80	1	9
M032		101	88	青铜兽			80	80	7
M032		101	88	青铜兽1			80	2	9
M032		101	88	滚刀手			80	80	7
M032		101	88	滚刀手1			80	2	9
M032		101	88	石人			80	50	7
M032		101	88	石人1			80	2	13
M032		101	88	铜锤手			80	20	9
M032		101	88	铜锤手1			80	1	16
M032		101	88	金刚人			80	1	40
M032		101	88	金刚人1			80	1	20

L001		77	66	地下小鬼		65	20	5
L001		77	66	掷枪尸卫2		65	20	5
L001		77	66	滚刀手			65	20	5
L001		77	66	石人			65	20	5
L001		77	66	青铜兽			65	20	5
L001		77	66	尸霸7			65	1	60

;10蛇魔谷
10		75	41	大土蛇			30	30	5
10		25	44	大土蛇			20	30	4
10		75	41	大土蛇1			30	1	5
10		25	44	蟒1			20	1	6

;N001地穴入口

N001		210	236	圣甲虫			210	120	8
N001		210	236	圣甲虫1			210	4	10
N001		210	236	黄金怪物3		10	1	60
N001		210	236	魔甲虫			210	200	3
N001		210	236	红蛇妖			210	60	10
N001		210	236	红蛇妖1			210	2	14
N001		205	240	红蛇妖2			12	2	60

N002		210	190	圣甲虫			210	120	8
N002		210	190	黄金怪物3		5	1	60
N002		210	190	圣甲虫1			210	4	10
N002		210	190	魔甲虫			210	120	8
N002		210	190	红蛇妖			210	60	10
N002		210	190	红蛇妖1			210	2	15
N002		210	190	黑蛇妖			210	60	10
N002		210	190	黑蛇妖1			210	2	15
N002		250	215	黑蛇妖2			12	2	60

N003		200	190	圣甲虫			210	60	8
N003		200	190	圣甲虫1			210	4	10
N003		200	190	魔甲虫			210	60	8
N003		200	190	红蛇妖			210	150	5
N003		200	190	红蛇妖1			210	2	15
N003		200	190	黑蛇妖			210	150	5
N003		200	190	黑蛇妖1			210	2	17
N003		200	190	蚁巢			210	10	8

N004		250	250	圣甲虫			250	80	8
N004		250	250	圣甲虫1			250	2	10
N004		250	250	魔甲虫			250	80	8
N004		250	250	红蛇妖			250	180	10
N004		250	250	红蛇妖1			250	5	15
N004		250	250	红蛇妖3			250	5	15
N004		250	250	黑蛇妖			250	180	10
N004		250	250	黑蛇妖1			250	5	15
N004		250	250	黑蛇妖3			250	5	15
N004		250	250	三头蛇			250	80	10
N004		250	250	三头蛇1			250	2	15
N004		250	250	蚁巢			250	15	8

N005		210	190	圣甲虫			200	50	8
N005		210	190	圣甲虫1			200	1	9
N005		210	190	魔甲虫			200	50	8
N005		210	190	红蛇妖			200	180	10
N005		210	190	红蛇妖1			200	5	15
N005		210	190	红蛇妖3			200	15	15
N005		210	190	黑蛇妖			200	180	10
N005		210	190	黑蛇妖1			200	5	15
N005		210	190	黑蛇妖3			200	15	15
N005		210	190	三头蛇			200	100	10
N005		210	190	三头蛇1			200	2	17
N005		210	190	三头蛇3			200	8	17
N005		210	190	白蛇妖			200	1	60
N005		210	190	蚁巢			200	15	8

N006		220	210	圣甲虫			220	30	8
N006		220	210	圣甲虫1			220	1	10
N006		220	210	魔甲虫			220	30	8
N006		220	210	红蛇妖			220	180	9
N006		220	210	红蛇妖1			220	5	15
N006		220	210	红蛇妖3			220	20	15
N006		220	210	黑蛇妖			220	180	9
N006		220	210	黑蛇妖1			220	5	15
N006		220	210	黑蛇妖3			220	20	15
N006		220	210	三头蛇			220	120	10
N006		220	210	三头蛇1			220	3	15
N006		220	210	三头蛇3			220	16	15
N006		220	210	白蛇妖1			220	20	30
N006		220	210	白蛇妖			220	1	60
N006		220	210	蚁巢			220	20	9

N007		216	179	圣甲虫			210	30	7
N007		216	179	魔甲虫			210	30	7
N007		216	179	红蛇妖			210	120	9
N007		216	179	红蛇妖1			210	3	15
N007		216	179	红蛇妖3			210	36	15
N007		216	179	黑蛇妖			210	150	9
N007		216	179	黑蛇妖1			210	6	15
N007		216	179	黑蛇妖3			210	44	15
N007		216	179	白蛇妖			210	2	60
N007		216	179	白蛇妖1			210	20	30
N007		216	179	三头蛇			210	100	9
N007		216	179	三头蛇1			210	3	15
N007		216	179	三头蛇3			210	26	15
N007		216	179	蚁巢			210	30	9

N008		250	250	黑蛇妖			250	2	60
N008		250	250	三头蛇			40	2	12
N008		250	250	白蛇妖1			40	1	60
N008		250	250	红蛇妖3			40	2	12
N008		250	250	黑蛇妖3			40	2	12
N008		250	250	蚁巢			40	2	10
N008		250	250	圣甲虫			250	100	7
N008		250	250	魔甲虫			250	100	7
N008		250	250	红蛇妖			250	180	9
N008		250	250	红蛇妖1			250	3	15
N008		250	250	红蛇妖3			250	37	15
N008		250	250	黑蛇妖			250	180	9
N008		250	250	黑蛇妖1			250	3	15
N008		250	250	黑蛇妖3			250	47	15
N008		250	250	白蛇妖			250	10	60
N008		250	250	白蛇妖1			250	50	30
N008		250	250	三头蛇			250	100	9
N008		250	250	三头蛇1			250	2	15
N008		250	250	三头蛇2			250	38	15
N008		250	250	蚁巢			250	40	9
N008		250	250	三头蛇王		40	2	120

;未知暗殿
L003		150	150	鹿1			120     3        60
L003		150	150	鹿			120     1        90
L003		150	150	稻草人2			120     6        60
L003		150	150	稻草人			120     1        90
L003		150	150	沙鱼王1			120     12       60
L003		150	150	沙鱼王			120     1        180

L003		150	150	巨猿2			120     12       60
L003		150	150	巨猿1			120     1        90

L003		150	150	尸王6			120     25       60
L003		150	150	尸王			120     1        90

L003		150	150	尸卫战将6		120     50       60
L003		150	150	尸卫战将4		120     1        120

L003		150	150	金刚人3			120     1        120
L003		150	150	金刚人			120     50       60

L003		150	150	白蛇妖2			120     100      60
L003		150	150	白蛇妖			120     1        180

L003		150	150	三头蛇王1		120     150      60
L003		150	150	三头蛇王		120     1        180


L003		150	150	尸霸1			120     200      60
L003		150	150	尸霸			120     1        240


;跃马平原
3		45	800	土狼			100	60	5
3		45	800	大土蛇			100	40	5
3		45	800	食人花			100	20	5
3		45	800	巨猿			100	20	5
3		45	800	大土蛇1			100	2	5
3		45	800	巨猿			100	1	20
3		390	750	土狼			150	70	5
3		390	750	大土蛇			150	50	6
3		390	750	大土蛇1			150	2	6
3		444	487	土狼			100	50	5
3		444	487	毒蜘蛛			100	30	5
3		453	309	沙雕			60	30	5
3		453	309	沙蝎			60	20	5
3		453	309	毒蜘蛛			60	20	5
3		453	309	沙雕1			60	1	5
3		453	309	沙蝎1			60	1	5
3		434	196	土狼			40	20	6
3		434	196	大土蛇			35	20	6
3		434	196	毒蜘蛛			40	10	6
3		434	196	蟒			30	10	6
3		434	196	大土蛇1			35	1	6
3		434	196	蟒1			30	1	6
3		200	100	仙人掌			180	60	7
3		200	100	沙雕			180	50	7
3		200	100	沙蝎			180	50	7
3		200	100	沙怪			180	20	7
3		200	100	沙鱼			180	20	7
3		200	100	沙雕1			180	2	7
3		200	100	沙蝎1			180	2	7
3		200	100	沙怪1			180	1	7
3		200	100	沙鱼1			180	1	7
3		200	100	沙鱼王			180	1	30
3		300	320	仙人掌			50	30	7
3		300	320	沙雕			50	30	7
3		300	320	沙蝎			50	20	7
3		300	320	沙雕1			50	2	7
3		300	320	沙蝎1			50	1	7
3		170	555	仙人掌			100	60	7
3		170	555	沙雕			100	50	7
3		170	555	沙蝎			100	40	7
3		170	555	沙怪			100	20	7
3		170	555	沙雕1			100	3	7
3		170	555	沙蝎1			100	2	7
3		170	555	沙怪1			100	1	7
3		210	780	仙人掌			40	10	7
3		210	780	沙雕			40	20	7
3		210	780	沙蝎			40	10	7
3		210	780	沙雕1			40	1	7
3		210	780	沙蝎1			40	1	14

;;攻城密道
E004		200	200	僵尸1			150	50	6
E004		200	200	僵尸10			150	1	6
E004		200	200	僵尸2			150	50	6
E004		200	200	僵尸20			150	1	6
E004		200	200	僵尸3			150	50	6
E004		200	200	僵尸30			150	1	6
E004		200	200	僵尸4			150	50	6
E004		200	200	僵尸40			150	1	6
E004		200	200	僵尸5			150	50	6
E004		200	200	僵尸50			150	1	6
			
E002		200	200	僵尸1			150	40	6
E002		200	200	僵尸10			150	1	6
E002		200	200	僵尸2			150	40	6
E002		200	200	僵尸20			150	1	6
E002		200	200	僵尸3			150	40	6
E002		200	200	僵尸30			150	1	6
E002		200	200	僵尸4			150	40	6
E002		200	200	僵尸40			150	1	6
E002		200	200	僵尸5			150	40	6
E002		200	200	僵尸50			150	1	6
E002		200	200	铜人			150	40	7
E002		200	200	铜人1			150	1	7
E002		200	200	青铜兽			150	40	7
E002		200	200	青铜兽1			150	1	7

E001		200	207	僵尸1			190	30	6
E001		200	207	僵尸10			190	1	10
E001		200	207	僵尸2			190	30	6
E001		200	207	僵尸20			190	1	10
E001		200	207	僵尸3			190	30	6
E001		200	207	僵尸30			190	1	10
E001		200	207	僵尸4			190	30	6
E001		200	207	僵尸40			190	1	10
E001		200	207	僵尸5			190	30	6
E001		200	207	僵尸50			190	1	10
E001		200	207	铜人			150	60	7
E001		200	207	铜人1			150	2	10
E001		200	207	青铜兽			150	60	7
E001		200	207	青铜兽1			150	2	10
E001		200	207	滚刀手			150	60	7
E001		200	207	滚刀手1			150	2	10

E003		200	184	僵尸1			200	10	6
E003		200	184	僵尸2			200	10	6
E003		200	184	僵尸3			200	10	6
E003		200	184	僵尸4			200	10	6
E003		200	184	僵尸5			200	10	6
E003		200	184	铜人			200	70	7
E003		200	184	铜人1			200	2	10
E003		200	184	青铜兽			200	70	7
E003		200	184	青铜兽1			200	2	10
E003		200	184	滚刀手			200	70	7
E003		200	184	滚刀手1			200	2	10
E003		200	184	石人			200	70	8
E003		200	184	石人1			200	2	10
E003		200	184	铜锤手			200	70	10
E003		200	184	铜锤手1			200	2	12

;逆魔古刹
S011		242	240	地下小鬼		200	300	10
S011		242	240	黄金怪物3		10	1	60
S011		242	240	地下小鬼1		200	7	20
S011		190	190	逆魔雕像3		12	2	60

S012		49	43	地下小鬼		25	15	10
S012		49	43	逆魔卫士		25	5	10
S012		49	43	地下小鬼1		25	1	20

S013		249	250	地下小鬼		250	300	10
S013		249	250	黄金怪物3		10	1	60
S013		249	250	逆魔卫士19		250	200	12
S013		249	250	地下小鬼1		250	7	20
S013		249	250	逆魔卫士1		250	5	24
S013		250	250	逆魔卫士2		12	2	60

S014		49	43	地下小鬼		25	20	10
S014		49	43	逆魔卫士		25	5	10
S014		49	43	逆魔雕像		25	5	10
S014		49	43	地下小鬼1		25	1	20

S015		49	43	地下小鬼		25	20	10
S015		49	43	逆魔卫士		25	5	10
S015		49	43	逆魔雕像		25	5	10
S015		49	43	地下小鬼1		25	1	20

S016		249	250	地下小鬼		250	300	10
S016		249	250	逆魔雕像16		250	160	12
S016		249	250	逆魔卫士		250	160	12
S016		249	250	地下小鬼1		250	7	20
S016		249	250	逆魔雕像1		250	4	24
S016		249	250	逆魔卫士1		250	4	24
		
S017		49	43	地下小鬼		25	20	10
S017		49	43	逆魔卫士		25	10	10
S017		49	43	逆魔雕像		25	10	10
S017		49	43	地下小鬼1		25	1	20
		
S018		208	185	逆魔侍卫		200	160	10
S018		208	185	逆魔雕像		200	160	10
S018		208	185	逆魔卫士		200	160	10
S018		208	185	逆魔弓箭手		180	160	10
S018		208	185	逆魔侍卫1		200	5	10
S018		208	185	逆魔雕像1		200	5	20
S018		208	185	逆魔卫士1		200	4	20
S018		208	185	逆魔卫士4		200	1	20
S018		208	185	逆魔弓箭手1		180	5	20
S018		208	185	黄金魔斗士1		200	3	300
S018		208	185	黄金魔斗士2		200	1	360
		
S019		98	101	逆魔侍卫		55	40	9
S019		98	101	逆魔雕像		55	40	9
S019		98	101	逆魔卫士		55	40	9
S019		98	101	逆魔弓箭手		55	40	9
S019		98	101	逆魔雕像1		55	1	18
S019		117	119	逆魔弓箭手		10	4	9
S019		117	119	逆魔侍卫		10	4	9
S019		117	119	逆魔卫士		10	2	9
		
S020		97	99	逆魔弓箭手		55	40	9
S020		97	99	逆魔雕像		55	40	9
S020		97	99	逆魔卫士		55	40	9
S020		97	99	逆魔侍卫		55	40	9
S020		97	99	逆魔卫士1		55	1	18
		
S020		121	82	逆魔弓箭手		10	4	9
S020		121	82	逆魔雕像		10	4	9
S020		121	82	逆魔侍卫		10	2	9
		
S021		101	104	逆魔弓箭手		55	40	9
S021		101	104	逆魔雕像		55	40	9
S021		101	104	逆魔卫士		55	40	9
S021		101	104	逆魔侍卫		55	40	9
S021		101	104	逆魔侍卫1		55	1	18
S021		85	82	逆魔弓箭手		10	4	9
S021		85	82	逆魔雕像		10	4	9
S021		85	82	逆魔卫士		10	2	9
		
S022		96	96	逆魔弓箭手		55	40	9
S022		96	96	逆魔雕像		55	40	9
S022		96	96	逆魔卫士		55	40	9
S022		96	96	逆魔侍卫		55	40	9
S022		96	96	逆魔弓箭手1		55	1	18
S022		82	117	逆魔弓箭手		10	2	9
S022		82	117	逆魔卫士		10	4	9
S022		82	117	逆魔侍卫		10	4	9
		
S023		48	50	逆魔弓箭手		40	20	8
S023		48	50	逆魔雕像		50	20	8
S023		48	50	逆魔侍卫		50	20	8
S023		48	50	逆魔卫士		50	20	8
S023		48	50	逆魔侍卫2		50	6	24
S023		48	50	逆魔弓箭手2		40	6	24
S023		48	50	逆魔雕像1		50	7	24
S023		48	50	逆魔卫士2		50	7	24
S023		48	50	逆魔侍卫1		50	1	24
S023		48	50	逆魔弓箭手1		40	1	24
S023		48	50	逆魔雕像1		50	1	24
S023		48	50	逆魔卫士1		50	1	24
S023		48	50	逆魔卫士4		50	1	40
		
S024		48	50	逆魔弓箭手		40	25	8
S024		48	50	逆魔雕像		50	25	8
S024		48	50	逆魔侍卫		50	25	8
S024		48	50	逆魔卫士		50	25	8
S024		48	50	逆魔侍卫2		50	8	24
S024		48	50	逆魔弓箭手2		40	8	24
S024		48	50	逆魔雕像1		50	8	24
S024		48	50	逆魔卫士2		50	8	24
S024		48	50	逆魔弓箭手1		40	1	24
S024		48	50	逆魔侍卫1		50	1	24
S024		48	50	逆魔雕像1		50	1	24
S024		48	50	逆魔卫士1		50	1	24
S024		48	50	逆魔卫士4		50	1	32
		
S026		72	76	逆魔			1	1	240
S026		72	76	逆魔侍卫		20	10	8
S026		72	76	逆魔卫士		20	10	8
S026		72	76	逆魔雕像		20	10	8
S026		72	76	逆魔弓箭手		10	10	8
S026		72	76	逆魔侍卫1		20	7	16
S026		72	76	逆魔卫士1		20	7	16
S026		72	76	逆魔雕像1		20	7	16
S026		72	76	逆魔弓箭手1		10	7	16
S026		46	50	逆魔侍卫		50	20	8
S026		46	50	逆魔卫士		50	20	8
S026		46	50	逆魔雕像		50	20	8
S026		46	50	逆魔弓箭手		40	20	8
S026		46	50	逆魔侍卫1		50	12	16
S026		46	50	逆魔卫士1		50	12	16
S026		46	50	逆魔雕像1		50	12	16
S026		46	50	逆魔弓箭手1		40	12	16
S026		22	22	逆魔侍卫		5	1	8
S026		22	22	逆魔卫士		5	1	8
S026		22	22	逆魔雕像		5	1	8
S026		22	22	逆魔弓箭手		3	1	8
S026		27	27	逆魔侍卫1		5	1	14
S026		27	27	逆魔卫士1		5	1	14
S026		27	27	逆魔雕像1		5	1	14
S026		27	27	逆魔弓箭手1		3	1	14
S026		46	50	逆魔侍卫1		80	1	16
S026		46	50	逆魔卫士4		80	1	16
S026		46	50	逆魔卫士3		80	1	16
S026		46	50	逆魔雕像2		80	1	16
S026		46	50	逆魔弓箭手1		60	1	16


;;妖界禁地
4		295	460	鹿			200	200	5
4		295	460	蟒			200	150	6
4		295	460	蟒1			200	5	6
4		295	460	大土蛇			200	100	8
4		295	460	大土蛇1			200	3	10
4		295	460	土狼			200	100	8
4		295	460	巨猿			200	100	8
4		295	460	树			200	100	20
4		100	180	土狼			180	80	6
4		100	180	巨猿			180	150	6
4		100	180	巨猿1			180	5	10
4		100	180	毒蜘蛛			180	100	6
4		100	180	食人花			180	80	6
4		100	180	大土蛇			180	150	6
4		100	180	大土蛇1			180	7	10
4		100	180	毒妖			80	20	12
4		100	180	毒妖1			80	1	20
4		100	180	藤妖			80	10	12
4		100	180	藤妖1			80	1	60
4		100	180	树			180	100	20
4		366	23	树			80	100	20
4		366	23	大土蛇			80	100	8
4		366	23	大土蛇1			80	3	12
4		366	23	食人花			80	40	10
4		480	185	树			60	30	20
4		480	185	鹿			60	30	5
4		480	185	巨猿			60	10	10
4		480	185	大土蛇			60	30	8
4		480	185	大土蛇1			60	1	10

SH037		11	15	地下小鬼		30	20	180
SH037		11	15	地下小鬼8		5	1	180

J001		160	154	铁翼魔			150  	36   	10
J001		160	154	铁翼魔1			150  	4   	15
J001		160	154	毒妖			150  	206    	8
J001		160	154	毒妖1			150   	2   	15
J001		160	154	血魔			150  	53    	8
J001		160	154	血魔1			150   	2   	15
J001		160	154	藤妖2			150  	25   	12
J001		160	154	藤妖3			150  	5   	12
J001		160	154	藤妖4			150   	2   	15
J001		160	154	地狱奴			150 	193    	8
J001		160	154	地狱奴1			150   	2   	10


J002		150	150	铁翼魔			150 	121    	8
J002		150	150	铁翼魔1			150   	3   	15
J002		150	150	毒妖			150 	100    	8
J002		150	150	毒妖1			150   	3   	15
J002		150	150	血魔			150  	35   	12
J002		150	150	血魔1			150   	3   	15
J002		150	150	藤妖2			150  	30   	10
J002		150	150     藤妖4			150   	2   	20
J002		150	150     藤妖5			150   	2   	20
J002		150	150	刺魔2			150   	1   	50
J002		150	150	地狱奴			150 	150    	8

J003		120	130	铁翼魔			120 	130    	8
J003		120	130	铁翼魔1			120   	2   	10
J003		120	130	毒妖			120 	130    	8
J003		120	130	毒妖1			120   	3   	10
J003		120	130	血魔			120  	40    	8
J003		120	130	血魔1			120   	2   	10
J003		120	130	藤妖2			120  	80    	8
J003		120	130	藤妖4			120   	2   	10
J003		120	130	刺魔2			120   	2   	40
J003		120	130	地狱奴			120  	40    	8

J004		198	200	铁翼魔2			200  	85   	12
J004		198	200	黄金怪物4		10  	2   	60
J004		198	200     铁翼魔3			200   	3    	6
J004		198	200	毒妖2			200  	85   	12
J004		198	200	毒妖3			200   	2   	15
J004		198	200	血妖			200  	34   	12
J004		198	200	血妖1			200   	1   	15
J004		198	200	血魔2			200  	34   	12
J004		198	200	血魔3			200   	1   	15
J004		198	200	藤妖			200  	28   	12
J004		198	200	藤妖3			200   	1   	10
J004		198	200	刺魔			200  	17   	12
J004		198	200	刺魔1			200   	2    	5
J004		198	200	地狱奴2			200  	28   	12

J005		200	200	铁翼魔2			200  	84   	12
J005		200	200	铁翼魔3			200   	2    	9
J005		200	200	毒妖2			200  	84   	12
J005		200	200	毒妖3			200   	2   	15
J005		200	200	血妖			200  	34   	12
J005		200	200	血妖1			200   	1   	15
J005		200	200	血魔2			200  	34   	12
J005		200	200	血魔3			200   	1   	15
J005		200	200	藤妖			200  	28   	12
J005		200	200	藤妖1			200   	1   	10
J005		200	200 	刺魔			200  	17   	12
J005		200	200	刺魔1			200  	2    	8
J005		200	200	幽灵虫母		200   	6   	30
J005		200	200	地狱奴2			200   	6   	12

J006		93	93	铁翼魔2			100  	48   	10
J006		93	93	铁翼魔3			100   	2   	13
J006		93	93	毒妖2			100  	48   	10
J006		93	93	毒妖3			100   	1   	15
J006		93	93	血妖			100  	24   	10
J006		93	93	血妖1			100   	1   	15
J006		93	93	血魔2			100  	24   	10
J006		93	93	血魔3			100   	1   	15
J006		93	93	藤妖			100  	24   	10
J006		93	93	藤妖1			100   	1   	13
J006		93	93	刺魔			100  	14   	10
J006		93	93	刺魔1			100   	2   	14
J006		93	93	妖力士			100  	10   	15
J006		93	93	妖力士1			100   	2   	44
J006		93	93	幽灵虫母		100   	5   	20

J007		125	133	铁翼魔2			125	100	10
J007		125	133	铁翼魔3			125	2	15
J007		125	133	毒妖2			125	100	10
J007		125	133	毒妖3			125	2	15
J007		125	133	血妖			125	60	10
J007		125	133	血妖1			125	1	15
J007		125	133	血魔2			125	60	10
J007		125	133	血魔3			125	1	15
J007		125	133	藤妖			125	60	10
J007		125	133	藤妖1			125	1	15
J007		125	133	刺魔			125	40	10
J007		125	133	刺魔1			125	1	20
J007		125	133	妖力士			125	20	10
J007		125	133	妖力士1			125	1	30
J007		125	133	幽灵虫母		125	10	20

J008		50	50	铁翼魔2			50	30	8
J008		50	50	铁翼魔3			50	1	15
J008		50	50	毒妖2			50	30	8
J008		50	50	毒妖3			50	1	10
J008		50	50	血妖			50	30	8
J008		50	50	血妖1			50	1	15
J008		50	50	血魔2			50	30	8
J008		50	50	血魔3			50	1	15
J008		50	50	藤妖			50	30	8
J008		50	50	藤妖1			50	1	15
J008		50	50	刺魔			50	20	8
J008		50	50	刺魔1			50	1	15
J008		50	50	妖力士			50	20	10
J008		50	50	妖力士1			50	1	60
J008		50	50	幽灵虫母		50	10	15
J008		50	50	利爪魔			50	1	360
J008		50	50	闪电魔			50	1	360

J009		130	127	铁翼魔2			125	80	10
J009		130	127	铁翼魔3			125	2	15
J009		130	127	毒妖2			125	60	10
J009		130	127	毒妖3			125	2	15
J009		130	127	血妖			125	60	10
J009		130	127	血妖1			125	2	15
J009		130	127	血魔2			125	60	10
J009		130	127	血魔3			125	2	15
J009		130	127	藤妖			125	60	10
J009		130	127	藤妖1			125	2	15
J009		130	127	刺魔			125	40	10
J009		130	127	刺魔1			125	1	10
J009		130	127	妖力士			125	20	10
J009		130	127	妖力士1			125	1	20
J009		130	127	幽灵虫母		125	4	10

J010		25	27	禁地魔王		1	1	360
J010		50	50	血妖			50	30	8
J010		50	50	血妖1			50	1	10
J010		50	50	血魔2			50	30	8
J010		50	50	血魔3			50	1	15
J010		50	50	藤妖			50	30	8
J010		50	50	藤妖1			50	1	15
J010		50	50	刺魔			50	20	8
J010		50	50	刺魔1			50	1	15
J010		50	50	妖力士			50	10	10
J010		50	50	妖力士1			50	1	30
J010		50	50	幽灵虫母		50	5	15

J011		150	150	铁翼魔2			150	120	12
J011		150	150	铁翼魔3			150	3	15
J011		150	150	毒妖2			150	120	12
J011		150	150	毒妖3			150	3	15
J011		150	150	血妖			150	50	12
J011		150	150	血妖1			150	1	12
J011		150	150	血魔2			150	50	12
J011		150	150	血魔3			150	1	12
J011		150	150	藤妖			150	30	12
J011		150	150	藤妖1			150	1	15
J011		150	150	刺魔			150	20	12
J011		150	150	刺魔1			150	1	30
J011		150	150	幽灵虫母		150	10	30

J012		200	180	铁翼魔2			200	120	12
J012		200	180	铁翼魔3			200	3	15
J012		200	180	毒妖2			200	120	12
J012		200	180	毒妖3			200	3	15
J012		200	180	血妖			200	60	12
J012		200	180	血妖1			200	1	12
J012		200	180	血魔2			200	60	12
J012		200	180	血魔3			200	1	15
J012		200	180	藤妖			200	50	12
J012		200	180	藤妖1			200	1	15
J012		200	180	刺魔			200	30	12
J012		200	180	刺魔1			200	1	20
J012		200	180	地狱奴2			200	30	12

;西域奇境
5		611	434	鱼人			50	30	4
5		611	434	鱼人1			50	2	4
5		611	434	癞蛤蟆			60	40	5
5		599	127	巨猿			50	20	5
5		599	127	巨猿1			50	1	15
5		445	165	土狼			180	150	3
5		400	410	蟒		    	200	200	5
5		400	410	蟒1		    	200	10	6
5		400	410	沙蝎			200	150	5
5		400	410	沙蝎1			200	10	6
5		400	410	沙雕			200	100	5
5		400	410	沙雕1			200	8	6
5		213	385	大土蛇			150	100	5
5		213	385	大土蛇1			150	5	6
5		213	385	蟒		    	150	60	5
5		213	385	蟒1		    	150	3	6
5		213	385	沙雕			150	30	5
5		213	385	地狱奴			150	10	15
5		213	385	枣红马1			150	10	15
5		213	385	乌骓			150	1	30
5		213	385	火烈鸟			150	5	15
5		170	180	毒蜘蛛			150	120	5
5		170	180	蟒		    	150	60	5
5		170	180	蟒1		    	150	3	6
5		170	180	大土蛇			150	40	5
5		170	180	大土蛇1			150	2	6
5		170	180	食人花			150	60	5
5		170	180	地狱奴			150	20	15
5		170	180	火烈鸟			150	10	15

;魔隐村
6		160	160	地下小鬼		150	100	45
6		70	70	地下小鬼		150	100	30
6		200	200	地下小鬼		150	100	60
6		260	280	地下小鬼		150	100	60

;通天塔
TT001		225	237	火烈鸟			250	200	10
TT001		225	237	黄金怪物3		10	1	60
TT001		225	237	火烈鸟1			250	4	12
TT001		320	300	火烈鸟2			12	2	60

TT002		200	200	火烈鸟			200	260	10
TT002		200	200	黄金怪物4		10	1	60
TT002		200	200	火烈鸟1			200	6	12
TT002		55	155	火烈鸟2			12	2	60

TT003		198	200	火烈鸟4			200	220	10
TT003		198	200	火烈鸟1			200	6	12
TT003		198	200	兽骑兵			200	20	10
TT003		198	200	兽骑兵1			200	2	12

TT004		200	200	火烈鸟			200	200	10
TT004		200	200	火烈鸟1			200	6	12
TT004		200	200	兽骑兵			200	40	10
TT004		200	200	兽骑兵2	    	    	200	10	10
TT004		200	200	兽骑兵1			200	4	12
TT004		200	200	兽骑统领		200	10	12

TT005		200	200	火烈鸟			200	80	10
TT005		200	200	火烈鸟1			200	2	12
TT005		200	200	兽骑兵			200	240	10
TT005		200	200	兽骑兵1			200	6	12
TT005		200	200	兽骑统领		200	40	12
TT005		200	200	兽骑统领1		200	1	14

TT006		180	200	兽骑兵			200	280	10
TT006		180	200	兽骑兵1			200	7	12
TT006		180	200	兽骑统领		200	100	12
TT006		180	200	兽骑统领1		200	3	14

TT007		200	200	兽骑兵			200	280	10
TT007		200	200	兽骑兵1			200	7	12
TT007		200	200	兽骑统领		200	100	12
TT007		200	200	兽骑统领1		200	3	14
TT007		200	200	召魂使			200	20	14

TT008		196	177	兽骑兵			200	200	10
TT008		196	177	兽骑兵1			200	5	12
TT008		196	177	兽骑统领		200	100	12
TT008		196	177	兽骑统领1		200	3	14
TT008		196	177	召魂使			200	80	14
TT008		196	177	召魂使1			200	2	16
TT008		196	177	烈焰使			200	10	15

TT009		205	195	兽骑统领		100	120	10
TT009		205	195	兽骑统领1		100	4	12
TT009		205	195	召魂使			100	100	10
TT009		205	195	召魂使1			100	4	12
TT009		205	195	烈焰使			100	10	15
TT009		205	195	烈焰使1			100	1	20
TT009		155	232	烈焰使			10	4	20
TT009		155	232	召魂使			10	6	20
TT009		155	232	兽骑统领		10	8	15
TT009		155	232	通天教主1		3	1	240

;7	死水沼泽
7		370	70	毒蜘蛛			40	10	10
7		320	158	毒蜘蛛			70	30	10
7		224	106	鬼方火卒		150	150	20
7		224	106	鬼方火卒1		150	3	60
7		354	205	鬼方火卒		100	80	20
7		241	225	鬼方火卒		80	30	20
7		245	278	鬼方火卒		30	20	18
7		131	40	鬼方火卒		20	25	18
7		167	41	鬼方火卒		20	25	18
7		320	70	鬼方火卒		50	30	20
7		366	153	鬼方火卒		60	40	20
7		217	190	猛魔刀斧手		150	80	25
7		245	278	猛魔刀斧手		40	20	25
7		131	40	猛魔刀斧手		20	10	25
7		255	280	猛魔刀斧手		30	15	25
7		255	280	猛魔刀斧手1		100	2	60
7		167	41	猛魔枪卒		20	10	25
7		255	280	猛魔枪卒		30	15	25
7		382	54	猛魔头目		10	10	20
7		370	70	三头蛇			40	20	15
7		313	60	藤妖			100	5	15
7		255	280	炎魔			15	5	25
7		105	218	幽魂			150	150	20
7		241	225	幽魂			80	50	20
7		256	40	幽魂			40	30	18
7		131	40	幽魂			20	15	18
7		167	41	幽魂			20	15	18
7		226	66	幽魂			30	20	18
7		172	51	幽魂			50	40	18
7		122	286	幽魂			50	30	18
7		122	286	幽魂1			150	3	60
7		327	277	幽魂			50	30	18
7		130	40	幽魂2			12	1	60

;铁血魔城
MC014		220	226	地火兽弓箭手		15	15	5
MC014		224	260	炎魔2		    	20	10	15
MC014		224	260	地火兽投矛手		40	10	12
MC014		134	115	地火兽弓箭手		20	20	12
MC014		138	183	地火兽弓箭手		40	20	12
MC014		221	215	地火兽弓箭手		40	10	12
MC014		170	170	地火兽弓箭手		150	30	12
MC014		123	112	地火兽骑将	    	35	10	15
MC014		166	148	地火兽骑将	    	30	10	15
MC014		150	189	地火兽骑将	    	50	10	15
MC014		170	170	幽影武士	    	200	30	30
MC014		170	170	猛魔统领	    	200	120	12
MC014		170	170	地火兽骑将	    	200	10	15
MC014		166	148	地火兽骑将1	    	100	1	60
MC014		126	113	地火兽投矛手		120	10	15
MC014		221	215	地火兽投矛手		40	5	15
MC014		213	267	地火兽投矛手		10	10	15
MC014		170	170	地火兽投矛手		100	20	15
MC014		94	156	地火兽投矛手1		150	1	40
MC014		138	183	猛魔统领	    	40	20	12
MC014		94	156	猛魔头目	    	15	20	12
MC014		238	248	炎魔		    	10	4	20
MC014		87	80	炎魔		    	20	10	20
MC014		166	148	炎魔		    	100	30	20
MC014		170	170	炎魔		    	200	30	20
MC014		155	89	炎魔1		    	120	1	60
MC014		271	154	炎魔1		    	120	1	60
MC014		214	267	炎魔2		    	15	20	20
MC014		170	170	幽魂		    	100	30	10

;MG001-铁血魔宫
MG001  		159  	147     地火兽骑将  		150   	30   	15
MG001  		159  	147    	地火兽弓箭手  		150   	10   	15
MG001  		159  	147  	魔斗士  		150   	20   	15
MG001  		159  	147  	魔眼  			150    	8   	10
MG001  		159  	147   	炎魔  			150   	20   	15
MG001  		163  	186 	猛魔统领   		25   	15    	8
MG001  		198  	148 	猛魔枪卒   		25   	10   	10
MG001  		163  	186  	猛魔刀斧手   		25   	15   	10
MG001  		247  	172 	地火兽骑将   		30   	12   	10
MG001  		169  	242 	地火兽骑将   		25   	10   	10
MG001  		116  	232  	猛魔头目   		40   	10   	10
MG001  		116  	232 	炎魔   			30    	3   	10
MG001  		239  	101 	猛魔统领   		40   	10   	10
MG001  		239  	101 	炎魔   			30    	3   	10
MG001   	34  	160   	炎魔   			30   	10   	10
MG001   	40  	139 	幽影武士   		30    	3   	20
MG001  		153   	39      炎魔   			30   	15   	10
MG001  		159   	70      魔斗士   		30    	5   	10
MG001  		127  	170     魔斗士   		40   	15    	5
MG001  		144  	112     魔眼   			30    	5   	10
MG001  		120  	117     魔斗士   		30   	15    	5
MG001  		120  	117     炎魔2   		30   	10    	5
MG001  		111  	131    	地火兽弓箭手   		30    	5    	5
MG001  		148  	117    	地火兽投矛手   		30   	5    	5
MG001  		113  	104 	魔斗士   		10    	8    	5
MG001   	90   	80  	魔斗士   		35   	15    	8
MG001   	90   	80 	炎魔2   		35   	10    	8
MG001   	90   	80 	幽影武士   		35    	4    	8
MG001   	74  	100  	魔眼   			20    	4    	8
MG001  		109   	64  	魔眼   			20    	4    	8
MG001   	64   	66  	魔眼    		2    	1   	20
MG001   	73   	83  	魔眼    		2    	1   	20
MG001   	80   	90 	魔眼    		2    	1   	20
MG001   	67   	84 	魔眼    		2    	1   	20
MG001   	85   	58  	魔眼    		2    	1   	20
MG001   	92   	70  	魔眼    		2    	1   	20
MG001  		102   	46 	魔眼    		2    	1   	20
MG001  		119  	232	地火兽骑将   		30   	15   	10
MG001  		166  	250	猛魔刀斧手   		30   	10   	10
MG001  		109  	142 	炎魔   			30   	10   	10
MG001  		109  	142 	魔斗士   		30    	3   	10
MG001  		241  	102	猛魔统领   		30   	15   	10
MG001  		159  	147   	魔眼1  			150    	1  	240
MG001   	34  	160	炎魔3			20	2	240
MG001   	92   	75 	铁血魔王   		20    	1  	360

;MG002沉默走廊
MG002  		133  136        猛魔统领  		120   	30   	10
MG002  		133  136      	地火兽骑将   		30   	20   	15
MG002  		133  136	魔斗士   		30    	5   	15
MG002  		173  184   	炎魔   			20   	10   	15
MG002  		212   51  	炎魔   			10    	5   	10
MG002  		212   51  	猛魔统领   		20   	10   	18
MG002   	89   91 	地火兽骑将   		30   	10   	15
MG002   	89   91    	魔斗士   		40    	3   	15
MG002  		146  150	魔斗士   		30    	3   	10


;地下魔域

MC001		139	140	鬼方火卒		100	120	15
MC001		139	140	地火兽弓箭手		150	10	25
MC001		139	140	地火兽弓箭手1		150	10	25
MC001		104	176	猛魔刀斧手		20	30	15
MC001		92	90	猛魔刀斧手		20	20	10
MC001		139	140	猛魔刀斧手		100	50	10
MC001		184	117	猛魔枪卒		100	120	10
MC001		169	205	猛魔枪卒1		150	1	60
MC001		243	168	猛魔统领		100	10	15
MC001		243	168	猛魔头目		100	5	25
MC001		243	168	猛魔头目		100	5	25
MC001		50	128	猛魔头目		50	10	25
MC001		34	76	猛魔头目		50	10	15
MC001		50	128	猛魔头目1		150	1	45
MC001		243	168	幽魂			50	5	10
MC001		34	75	幽魂			30	5	10
MC001		100	180	猛魔统领1		12	2	60

MC002		263	152	地火兽弓箭手		100	50	15
MC002		145	40	地火兽骑将1		150	1	60
MC002		172	164	鬼方火卒		150	120	12
MC002		172	164	猛魔刀斧手		155	60	15
MC002		145	40	猛魔刀斧手		30	30	15
MC002		172	164	猛魔枪卒		150	140	15
MC002		216	78	猛魔枪卒		30	50	15
MC002		129	208	猛魔枪卒		15	5	15
MC002		162	144	猛魔统领		15	5	15
MC002		188	208	猛魔统领		15	3	20
MC002		145	40	猛魔统领		15	2	20
MC002		263	152	猛魔头目		60	60	18
MC002		162	144	猛魔头目		30	20	18
MC002		105	174	猛魔头目		40	40	18
MC002		172	164	猛魔头目1		150	2	60
MC002		172	164	幽魂			150	40	12

MC003		214	202	地火兽弓箭手		190	140	15
MC003		207	192	地火兽弓箭手		150	60	15
MC003		214	202	地火兽骑将		190	50	25
MC003		214	202	地火兽骑将1		180	1	60
MC003		332	178	地火兽骑将		60	30	25
MC003		212	79	地火兽投矛手		50	40	25
MC003		214	202	火烈鸟3			180	10	25
MC003		192	332	猛魔刀斧手		50	30	15
MC003		150	150	猛魔枪卒		190	130	12
MC003		207	192	猛魔枪卒		50	40	12
MC003		307	92	猛魔枪卒		50	60	12
MC003		207	192	猛魔枪卒1		150	2	60
MC003		214	202	猛魔统领		100	50	15
MC003		108	294	猛魔统领		50	50	15
MC003		308	301	猛魔统领		60	60	15
MC003		212	79	猛魔统领		50	30	15
MC003		95	88	猛魔头目		30	20	15
MC003		95	88	猛魔头目1		150	2	60
MC003		214	202	幽魂			150	30	12

MC004		127	122	地火兽弓箭手		100	100	15
MC004		141	207	地火兽弓箭手		30	40	15
MC004		163	144	地火兽弓箭手		20	15	15
MC004		127	122	地火兽弓箭手2		100	2	60
MC004		127	122	地火兽骑将		100	40	15
MC004		62	144	地火兽骑将		40	20	15
MC004		74	66	地火兽骑将		100	60	15
MC004		127	122	地火兽投矛手		100	50	12
MC004		115	105	地火兽投矛手		30	20	15
MC004		127	122	鬼方火卒		100	20	10
MC004		115	105	火烈鸟3			60	15	10
MC004		78	71	猛魔统领		80	90	15
MC004		184	34	猛魔统领		30	30	15
MC004		158	60	猛魔统领		25	20	15
MC004		78	208	猛魔统领		25	20	18
MC004		115	105	炎魔			60	30	18
MC004		110	195	炎魔			10	10	18
MC004		110	22	炎魔			15	10	18
MC004		115	105	炎魔1			100	2	60

MC005		185	78	地火兽弓箭手		50	60	15
MC005		140	144	地火兽骑将		130	150	10
MC005		185	78	地火兽骑将		50	60	18
MC005		125	141	地火兽骑将		60	80	15
MC005		137	50	地火兽骑将		30	40	15
MC005		222	26	地火兽骑将1		150	2	60
MC005		140	144	地火兽投矛手		140	30	10
MC005		125	141	地火兽投矛手		60	40	10
MC005		140	144	火烈鸟3			100	10	10
MC005		222	26	猛魔统领		15	20	15
MC005		50	205	猛魔统领		30	60	15
MC005		140	144	炎魔			100	100	18
MC005		38	153	炎魔			30	40	18
MC005		109	219	炎魔			40	50	18
MC005		218	130	炎魔			30	30	18
MC005		218	130	炎魔1			120	2	60
MC005		140	144	幽魂			100	20	10

MC006		258	235	地火兽弓箭手		40	60	15
MC006		258	235	地火兽弓箭手2		150	2	60
MC006		207	189	地火兽骑将		200	140	25
MC006		186	200	地火兽骑将		50	60	25
MC006		240	346	地火兽骑将		45	20	25
MC006		306	215	地火兽骑将		30	10	25
MC006		298	113	地火兽骑将		20	10	25
MC006		307	70	地火兽骑将		40	20	25
MC006		160	111	地火兽骑将		60	20	25
MC006		72	184	地火兽骑将		30	10	25
MC006		36	126	地火兽骑将		15	10	25
MC006		94	88	地火兽骑将		15	10	25
MC006		94	88	地火兽骑将1		100	5	60
MC006		207	189	地火兽投矛手		150	150	10
MC006		307	70	地火兽投矛手		40	40	10
MC006		207	189	鬼方火卒		200	30	10
MC006		207	189	火烈鸟3			200	30	10
MC006		207	189	炎魔			200	120	15
MC006		106	242	炎魔			30	30	15
MC006		146	287	炎魔			30	45	15
MC006		240	346	炎魔			45	60	15
MC006		347	182	炎魔			15	10	15
MC006		160	111	炎魔			150	200	15
MC006		72	184	炎魔			60	50	15
MC006		238	72	炎魔1			150	2	60

MC007		146	146	地火兽弓箭手		100	160	15
MC007		146	146	地火兽骑将		100	30	18
MC007		162	100	地火兽骑将		40	20	18
MC007		180	190	地火兽骑将		40	10	18
MC007		146	146	地火兽骑将1		100	3	60
MC007		146	146	地火兽投矛手		100	60	15
MC007		146	146	火烈鸟3			100	40	15
MC007		146	146	炎魔			100	150	16
MC007		220	44	炎魔			40	5	16
MC007		126	149	炎魔			40	20	16
MC007		83	90	炎魔			30	20	16
MC007		144	32	炎魔			20	15	16
MC007		180	190	炎魔			20	20	16
MC007		238	121	炎魔			20	20	16
MC007		144	32	炎魔1			100	2	60
MC007		126	149	幽影武士		10	1	15
MC007		83	90	幽影武士		10	1	15
MC007		92	217	幽影武士		10	1	15

MC008		141	129	地火兽弓箭手		100	70	15
MC008		136	212	地火兽弓箭手		45	15	15
MC008		141	129	地火兽骑将		100	30	15
MC008		52	47	地火兽骑将		30	15	15
MC008		152	114	地火兽骑将		30	15	15
MC008		188	154	地火兽骑将		30	5	15
MC008		136	212	地火兽骑将		30	5	15
MC008		188	154	地火兽骑将1		100	4	45
MC008		141	129	地火兽投矛手		100	20	15
MC008		152	114	地火兽投矛手		30	8	15
MC008		136	212	地火兽投矛手		30	8	15
MC008		196	58	火烈鸟3			40	20	10
MC008		141	129	猛魔统领		100	30	12
MC008		176	84	猛魔统领		15	5	12
MC008		181	161	幽影武士		45	15	30
MC008		181	161	地火兽弓箭手		45	15	15
MC008		141	129	炎魔			120	30	12
MC008		110	70	炎魔			20	8	12
MC008		137	38	炎魔			20	8	12
MC008		196	58	炎魔			20	10	12
MC008		152	114	炎魔			40	15	12
MC008		188	154	炎魔			30	8	12
MC008		136	212	炎魔			60	20	12
MC008		83	143	炎魔			20	5	12
MC008		83	143	炎魔1			100	3	60
MC008		135	41	幽影武士		10	2	15
MC008		139	30	幽影武士		10	2	15
MC008		147	52	幽影武士		10	2	15
MC008		197	64	幽影武士		10	2	15
MC008		201	169	幽影武士		10	2	15
MC008		195	179	幽影武士		10	2	15
MC008		210	178	幽影武士		10	2	15
MC008		181	161	铁血魔王1		45	1	360

MC009		15	68	白蛇妖3			40	1	120
MC009		86	52	地火兽弓箭手		60	45	16
MC009		70	80	地火兽骑将		30	20	20
MC009		87	57	地火兽骑将		40	20	20
MC009		79	66	地火兽骑将		80	20	20
MC009		87	57	地火兽投矛手		40	45	15
MC009		87	34	禁地魔王1		30	1	360
MC009		86	41	利爪魔1			15	1	90
MC009		112	68	烈焰使			20	5	90
MC009		108	74	烈焰使			20	3	90
MC009		43	121	猛魔统领		18	10	15
MC009		78	68	猛魔统领		80	20	18
MC009		81	58	逆魔1			30	1	240
MC009		75	42	闪电魔1			15	1	90
MC009		97	83	尸霸2			40	1	120
MC009		82	136	铁血魔王2		20	1	480
MC009		126	85	通天教主2		20	1	360
MC009		68	124	炎魔			60	35	360
MC009		106	66	幽魂			50	30	15
MC009		77	139	幽影武士		60	20	360

MC011		105	95	地火兽弓箭手		90	50	10
MC011		105	95	地火兽弓箭手2		100	1	60
MC011		105	95	地火兽骑将		90	50	15
MC011		105	95	地火兽骑将1		90	1	60
MC011		105	95	猛魔刀斧手		100	40	16
MC011		105	95	猛魔刀斧手1		100	1	60
MC011		105	95	炎魔			50	10	30
MC011		105	95	炎魔1			100	1	60
MC011		105	95	幽影武士		50	20	45


;铁血魔城
MC014		220	226	地火兽弓箭手		15	15	5
MC014		224	260	炎魔2			20	10	15
MC014		224	260	地火兽投矛手		40	10	12
MC014		134	115	地火兽弓箭手		20	20	12
MC014		138	183	地火兽弓箭手		40	20	12
MC014		221	215	地火兽弓箭手		40	10	12
MC014		170	170	地火兽弓箭手		150	30	12
MC014		123	112	地火兽骑将		35	10	15
MC014		166	148	地火兽骑将		30	10	15
MC014		150	189	地火兽骑将		50	10	15
MC014		170	170	幽影武士		200	30	30
MC014		170	170	猛魔统领		200	120	12
MC014		170	170	地火兽骑将		200	10	15
MC014		166	148	地火兽骑将1		100	1	60
MC014		126	113	地火兽投矛手		120	10	15
MC014		221	215	地火兽投矛手		40	5	15
MC014		213	267	地火兽投矛手		10	10	15
MC014		170	170	地火兽投矛手		100	20	15
MC014		94	156	地火兽投矛手1		150	1	40
MC014		138	183	猛魔统领		40	20	12
MC014		94	156	猛魔头目		15	20	12
MC014		238	248	炎魔			10	4	20
MC014		87	80	炎魔			20	10	20
MC014		166	148	炎魔			100	30	20
MC014		170	170	炎魔			200	30	20
MC014		155	89	炎魔1			120	1	60
MC014		271	154	炎魔1			120	1	60
MC014		214	267	炎魔2			15	20	20
MC014		170	170	幽魂			100	30	10

;玄冰古道
BT001   	87   	70  	逆魔侍卫   		70   	30    	8
BT001   	87   	70 	黄金怪物1   		15   	1    	60
BT001   	87   	70 	逆魔卫士4   		70   	30    	8
BT001   	87   	70 	逆魔卫士2   		70    	1   	20
BT001   	87   	70  	逆魔弓箭手   		70   	30    	8
BT001   	87   	70  	逆魔雕像   		70   	30    	8
BT001   	87   	70  	逆魔侍卫1   		70    	3   	15
BT001   	87   	70  	逆魔卫士1   		70    	3   	20
BT001   	87   	70  	逆魔弓箭手1  	 	70    	5   	15
BT001   	87   	70  	逆魔雕像1   		70    	3   	15

BT002  		103   	89 	逆魔侍卫  		100  	100    	8
BT002  		103   	89 	逆魔雕像  		100   	60   	15
BT002  		103   	89  	黄金怪物3  		10   	1   	60
BT002  		103   	89 	逆魔卫士2  		100    	1   	10
BT002  		103   	89 	逆魔卫士4  		100  	100    	8
BT002  		103   	89 	逆魔弓箭手  		100   	70    	8
BT002  		103   	89  	逆魔侍卫1  		100    	5   	15
BT002  		103   	89  	逆魔雕像1  		100    	6   	20
BT002  		103   	89 	逆魔卫士1  		100    	5    	8
BT002  		133   	34  	逆魔侍卫   		15    	8    	8
BT002   	78   	83   	魔甲虫   		10    	3   	10
BT002   	78   	83 	红蛇妖   		15    	5   	10
BT002   	73  	138  	尸卫1   		15    	5   	10
BT002  		151  	121   	冰锥   			20   	20    	5
BT002  		123  	140   	冰锥1   		40   	30   	3
BT002  		123  	140  	冰锥2   		40   	30   	3

BT003   	63   	73  	尸卫2   		60   	50   	10
BT003   	63   	73   	掷枪尸卫2   		60   	10   	10
BT003   	63   	73   	黄金怪物2   		5   	1   	60
BT003   	63   	73  	尸卫勇士2   		60   	40   	10
BT003   	63   	73  	尸卫战将7   		60    	1   	20
BT003   	63   	73  	尸卫战将8   		60   	20   	10
BT003   	63   	73  	尸卫3   		60    	5   	12
BT003   	63   	73  	掷枪尸卫3   		60    	5   	12
BT003   	63   	73  	尸卫勇士3   		60    	4   	10
BT003   	63   	73  	尸卫战将3   		60    	5   	15

BT004   	94   	90  	尸卫勇士2  		100  	100    	8
BT004   	94   	90 	尸卫战将8  		100  	100    	8
BT004   	94   	90  	黄金怪物3  		10  	1    	60
BT004   	94   	90  	尸卫战将7  		100    	1   	10
BT004   	94   	90   	尸卫2  			100   	50    	8
BT004   	94   	90  	掷枪尸卫2  		100   	80    	8
BT004   	94   	90   	尸卫勇士3  		100    	1   	10
BT004   	94   	90  	尸卫战将3  		100    	5   	10
BT004  	 	94   	90  	尸卫3  			100    	5    	8
BT004  	 	94   	90  	掷枪尸卫3  		100    	8   	10
BT004  	 	83   	49 	逆魔侍卫   		10    	8   	10
BT004  	 	64   	71  	圣甲虫   		10    	3   	10
BT004  	 	64   	71    	红蛇妖   		20    	4   	10
BT004  	 	86  	115   	冰锥   			20   	20    	5
BT004  	 	86  	115  	冰锥1   		40   	30   	3
BT004  	 	86  	115   	冰锥2   		40   	30   	3

BT005  	 	69   	83 	圣甲虫   		80   	30   	10
BT005  	 	69   	83   	魔甲虫1   		80   	40   	10
BT005  	 	69   	83   	黄金怪物3   		10   	1   	60
BT005  	 	69   	83   	魔甲虫2   		80    	1   	20
BT005  	 	69   	83   	圣甲虫1   		80    	3   	10
BT005  	 	69   	83   	红蛇妖   		80   	40   	15
BT005  	 	69   	83    	黑蛇妖   		80   	35    	8
BT005  	 	69   	83   	黑蛇妖1   		80    	3   	15
BT005  	 	61   	43   	魔甲虫   		10    	5   	10
BT005  	 	88  	108   	黑蛇妖   		10    	5   	10

BT006  		105  	100   	圣甲虫  		100   	80   	10
BT006  		105  	100 	魔甲虫1  		100   	60   	15
BT006  		105  	100  	黄金怪物4  		5   	1   	60
BT006  		105  	100   	魔甲虫2  		100    	1    	8
BT006  		105  	100   	圣甲虫1  		100    	8   	10
BT006  		105  	100   	红蛇妖  		100   	80   	10
BT006  		105  	100   	黑蛇妖  		100   	80   	10
BT006  		105  	100   	黑蛇妖1  		100    	5   	20
BT006  		105  	100   	白蛇妖1  		100   	13   	30
BT006  		105  	100  	白蛇妖  		100    	1   	60
BT006  		168   	80  	逆魔雕像   		30    	8   	10
BT006  		168   	80  	逆魔侍卫   		15    	6   	10
BT006  		143  	147  	尸卫1   		15    	8   	10
BT006  		143  	147 	掷枪尸卫1   		15    	5   	10
BT006  	 	35  	115 	冰锥   			15   	30    	5
BT006  	 	56  	120   	冰锥1   		20   	20    	5
BT006  	 	56  	120  	冰锥2   		20   	30    	5

NB001  	 	68   	48  	逆魔之王   		20    	1  	480
NB001  	 	68   	48   	逆魔侍卫   		50   	10    	5
NB001  	 	50   	46   	逆魔卫士   		50   	30    	5
NB001  	 	50   	46  	逆魔雕像   		50   	30    	5
NB001  	 	68   	48   	逆魔弓箭手   		50   	10    	5

NB002  	 	38   	34   	狂尸霸   		20    	1  	360
NB002  	 	38   	34   	尸卫战将   		40   	20    	5
NB002  	 	38   	34   	掷枪尸卫   		40   	20    	5
NB002  	 	38   	34   	尸卫勇士   		40   	20    	5

NB003  	 	48   	41  	蛇妖王  	 	20    	1  	360
NB003  	 	48   	41   	白蛇妖   		20    	5  	120
NB003  	 	48   	41   	红蛇妖   		40   	30    	5
NB003  	 	48   	41    	黑蛇妖   		40   	30    	5
NB003  	 	48   	41  	三头蛇王   		20    	2  	240

;修罗天

AS001   	85  	70  	暗影修罗1    		80  	80  	8
AS001   	85  	70  	魔神修罗1   		80  	80  	8
AS001   	85  	70  	黑袍修罗1   		80  	20   	10 

AS002   	83  	62 	暗影修罗1    		70  	80  	8
AS002  	 	83  	62  	魔神修罗1    		70  	80  	8
AS002   	83  	62  	黑袍修罗1    		70  	20  	8

AS003   	117 	92  	暗影修罗1    		100 	80  	8
AS003   	117 	92  	魔神修罗1    		100 	80  	8
AS003   	117 	92  	黑袍修罗1    		100 	15  	8

AS004  		171  	129     黑袍修罗2  		200   	30    	1
AS004  		171  	129     暗影修罗2  		200   	80    	1
AS004  		171  	129     魔神修罗  		200   	80   	10
AS004  		64  	178     暗影修罗   		40   	30   	10
AS004  		64  	178     魔神修罗   		40   	20   	10
AS004  		64  	178     黑袍修罗   		40    	3   	10
AS004  		124  	173     暗影修罗   		20   	20   	10
AS004  		124  	173     魔神修罗   		20   	10   	10
AS004  		124  	173     黑袍修罗   		20   	10   	10
AS004  		204  	176     暗影修罗   		20   	10   	10
AS004  		204  	176     魔神修罗   		20   	10   	10
AS004  		204  	176     黑袍修罗   		20   	10   	10
AS004  		121   	96      暗影修罗   		20   	20    	8
AS004  		121   	96      魔神修罗   		20   	10    	5
AS004  		121   	96      黑袍修罗   		20   	10   	10
AS004  		103   	21      暗影修罗   		20   	10    	8
AS004  		103   	21      魔神修罗   		20   	10    	5
AS004  		103   	21      黑袍修罗   		20   	10   	10
AS004  		209   	90      暗影修罗   		20   	10    	8
AS004  		209   	90      魔神修罗   		20   	10    	5
AS004  		209   	90      黑袍修罗   		20   	10   	10
AS004  		192   	74      暗影修罗2    		1    	2    	1
AS004  		193   	75      暗影修罗2    		1    	2    	1
AS004  		194   	76      暗影修罗2    		1    	2    	1
AS004  		195   	78      暗影修罗2    		1    	2    	1
AS004  		196   	78      暗影修罗2    		1    	2    	1
AS004  		197   	79      暗影修罗2    		1    	2    	1
AS004  		210   	86      暗影修罗2    		1    	2    	1
AS004  		211   	87      暗影修罗2    		1    	2    	1
AS004  		211   	88      暗影修罗2    		1    	2    	1
AS004  		212   	89      暗影修罗2    		1    	2    	1
AS004  		213   	90      暗影修罗2    		1    	2    	1
AS004  		214   	91      暗影修罗2    		1    	2    	1
AS004  		221  	101     暗影修罗2    		1    	2    	1
AS004  		221  	102     暗影修罗2    		1    	2    	1
AS004  		222  	102     暗影修罗2    		1    	2    	1
AS004  		222  	103     暗影修罗2    		1    	2    	1
AS004  		223  	104     暗影修罗2    		1    	2    	1
AS004  		223  	105     暗影修罗2    		1    	2    	1
AS004  		225  	106     暗影修罗2    		1    	2    	1
AS004  		225  	110     暗影修罗2    		1    	2    	1
AS004  		225  	111     暗影修罗2    		1    	2    	1
AS004  		274  	232     暗影修罗   		20   	20   	10
AS004  		274  	232     魔神修罗   		20   	20   	10
AS004  		274  	232     黑袍修罗   		20   	10   	10
AS004  		233   	63      暗影修罗   		15   	20   	10
AS004  		233   	63      魔神修罗   		15   	20   	10
AS004  		223  	195     暗影修罗2   		20  	20    	3
AS004  		106   	78      暗影修罗2   		20   	20    	3
AS004  		109  	191     暗影修罗2   		20   	20    	3
AS004  		218   	76    	黑袍修罗长老   		20   	20   	25
AS004  		171  	129    	黑袍修罗长老  		200   	60   	15
AS004  		233   	63    	黑袍修罗长老   		20   	40   	25
AS004  		238   	57    	阿修罗神1   		10    	1  	360


;海岛
MH001		85	85	猪			75	10	2
MH001		85	85	兔			75	10	2
MH001		85	85	鹿			75	10	2
MH001		85	85	牛			75	20	2
MH001		85	85	癞蛤蟆			75	20	2
MH001		85	85	鱼人			75	20	4
MH001		85	85	鱼人1			75	1	4

MH002		70	70	洞蛆1			70	40	5
MH002		70	70	蝎子1			70	40	5
MH002		70	70	山洞蝙蝠2		70	30	5
MH002		70	70	山洞蝙蝠3		70	1	5
MH002		70	70	尸卫4			70	30	5
MH002		70	70	尸卫5			70	1	5
MH002		70	70	尸卫勇士5		70	20	5
MH002		70	70	尸卫勇士6		70	1	5

MH003		85	85	洞蛆2			70	40	5
MH003		85	85	蝎子2			70	40	5
MH003		85	85	山洞蝙蝠4		70	30	5
MH003		85	85	山洞蝙蝠5		70	1	5
MH003		85	85	尸卫6			70	30	5
MH003		85	85	尸卫7			70	1	5
MH003		85	85	尸卫勇士7		70	20	5
MH003		85	85	尸卫勇士8		70	1	5

MH004		85	85	洞蛆3			70	40	5
MH004		85	85	蝎子3			70	40	5
MH004		85	85	山洞蝙蝠6		70	30	5
MH004		85	85	山洞蝙蝠7		70	1	5
MH004		85	85	尸卫8			70	30	5
MH004		85	85	尸卫9			70	1	5
MH004		85	85	尸卫勇士9		70	20	5
MH004		85	85	尸卫勇士10		70	1	5


MH005		112	119	洞蛆1			100	50	5
MH005		112	119	尸卫4			100	50	5
MH005		112	119	尸卫5			100	2	5
MH005		112	119	尸卫勇士5		100	50	5
MH005		112	119	尸卫勇士6		100	2	5
MH005		112	119	尸卫战将9		100	50	5
MH005		112	119	尸卫战将10		100	2	5
MH005		112	119	掷枪尸卫4		100	50	5
MH005		112	119	掷枪尸卫5		100	2	5


MH006		165	165	洞蛆2			125	50	5
MH006		165	165	尸卫6			125	50	5
MH006		165	165	尸卫7			125	2	5
MH006		165	165	尸卫勇士7		125	50	5
MH006		165	165	尸卫勇士8		125	2	5
MH006		165	165	尸卫战将11		125	50	5
MH006		165	165	尸卫战将12		125	2	5
MH006		165	165	掷枪尸卫6		125	10	5
MH006		165	165	掷枪尸卫19		125	40	5
MH006		165	165	掷枪尸卫7		125	2	5


MH007		112	95	洞蛆3			100	50	5
MH007		112	95	尸卫8			100	50	5
MH007		112	95	尸卫9			100	2	5
MH007		112	95	尸卫勇士9		100	50	5
MH007		112	95	尸卫勇士10		100	2	5
MH007		112	95	尸卫战将13		100	50	5
MH007		112	95	尸卫战将14		100	2	5
MH007		112	95	掷枪尸卫8		100	50	5
MH007		112	95	掷枪尸卫9		100	2	5


MH008		95	80	稻草人			65	20	3
MH008		95	80	稻草人1			65	1	3
MH008		95	80	鱼人			65	20	3
MH008		95	80	鱼人1			65	1	3
MH008		95	80	刀犬			65	20	3
MH008		95	80	刀犬1			65	1	3
MH008		95	80	棍犬			65	20	3
MH008		95	80	棍犬1			65	1	3
MH008		95	80	食人花			35	20	3

MH009		119	126	僵尸16			100	40	5
MH009		119	126	僵尸106			100	2	5
MH009		119	126	僵尸26			100	40	5
MH009		119	126	僵尸206			100	2	5
MH009		119	126	僵尸36			100	40	5
MH009		119	126	僵尸306			100	2	5
MH009		119	126	僵尸46			100	40	5
MH009		119	126	僵尸406			100	2	5
MH009		119	126	僵尸56			100	40	5
MH009		119	126	僵尸506			100	2	5
MH009		119	126	骷髅4			100	40	5
MH009		119	126	骷髅5			100	2	5
MH009		119	126	尸王7			100	10	15
MH009		119	126	尸王8			100	2	20


MH010		120	125	僵尸17			100	40	5
MH010		120	125	僵尸107			100	2	5
MH010		120	125	僵尸27			100	40	5
MH010		120	125	僵尸207			100	2	5
MH010		120	125	僵尸37			100	40	5
MH010		120	125	僵尸307			100	2	5
MH010		120	125	僵尸47			100	40	5
MH010		120	125	僵尸407			100	2	5
MH010		120	125	僵尸57			100	40	5
MH010		120	125	僵尸507			100	2	5
MH010		120	125	骷髅6			100	40	5
MH010		120	125	骷髅7			100	2	5
MH010		120	125	尸王9			100	10	15
MH010		120	125	尸王10			100	2	20


MH011		122	130	僵尸18			100	40	5
MH011		122	130	僵尸108			100	2	5
MH011		122	130	僵尸28			100	40	5
MH011		122	130	僵尸208			100	2	5
MH011		122	130	僵尸38			100	40	5
MH011		122	130	僵尸308			100	2	5
MH011		122	130	僵尸48			100	40	5
MH011		122	130	僵尸408			100	2	5
MH011		122	130	僵尸58			100	40	5
MH011		122	130	僵尸508			100	2	5
MH011		122	130	骷髅8			100	40	5
MH011		122	130	骷髅9			100	2	5
MH011		122	130	尸王11			100	10	15
MH011		122	130	尸王12			100	2	20


MH012		110	100	刀犬			75	30	3
MH012		110	100	刀犬1			75	2	5
MH012		110	100	棍犬			75	30	3
MH012		110	100	棍犬1			75	2	5
MH012		110	100	毒蜘蛛			75	30	3
MH012		110	100	蟒			75	30	3
MH012		110	100	蟒1			75	2	5
MH012		110	100	食人花			75	30	3
MH012		110	100	土狼			75	30	3

MH013		70	70	铜人4			40	30	6
MH013		70	70	铜人5			40	1	6
MH013		70	70	青铜兽2			40	30	6
MH013		70	70	青铜兽3			40	1	6
MH013		70	70	滚刀手2			40	30	6
MH013		70	70	滚刀手3			40	1	6
MH013		70	70	石人2			40	30	6
MH013		70	70	石人3			40	1	6
MH013		70	70	守护者1			40	14	3
MH013		70	70	守护者2			40	1	30
MH013		70	70	铜锤手9			40	1	600


MH014		87	93	铜人6			55	30	6
MH014		87	93	铜人7			55	1	6
MH014		87	93	青铜兽4			55	30	6
MH014		87	93	青铜兽5			55	1	6
MH014		87	93	滚刀手4			55	30	6
MH014		87	93	滚刀手5			55	1	6
MH014		87	93	石人4			55	30	6
MH014		87	93	石人5			55	1	6
MH014		87	93	守护者1			55	14	3
MH014		87	93	守护者2			55	1	30
MH014		87	93	铜锤手9			55	1	600


MH015		87	80	铜人8			60	30	6
MH015		87	80	铜人9			60	1	6
MH015		87	80	青铜兽6			60	30	6
MH015		87	80	青铜兽7			60	1	6
MH015		87	80	滚刀手6			60	30	6
MH015		87	80	滚刀手7			60	1	6
MH015		87	80	石人6			60	30	6
MH015		87	80	石人7			60	1	6
MH015		87	80	守护者1			60	14	3
MH015		87	80	守护者2			60	1	30
MH015		87	80	铜锤手9			60	1	600


MH016		173	161	铜人4			125	30	6
MH016		173	161	铜人5			125	1	6
MH016		173	161	青铜兽2			125	30	6
MH016		173	161	青铜兽3			125	1	6
MH016		173	161	滚刀手2			125	60	6
MH016		173	161	滚刀手3			125	3	6
MH016		173	161	石人2			125	60	6
MH016		173	161	石人3			125	3	6
MH016		173	161	铜锤手3			125	60	8
MH016		173	161	铜锤手4			125	3	8
MH016		173	161	金刚人4			125	30	10
MH016		173	161	金刚人5			125	6	20
MH016		173	161	机关巨兽1		125	1	30
MH016		173	161	铜锤手9			125	1	600


MH017		110	100	铜人6			100	30	6
MH017		110	100	铜人7			100	1	6
MH017		110	100	青铜兽4			100	30	6
MH017		110	100	青铜兽5			100	1	6
MH017		110	100	滚刀手4			100	60	6
MH017		110	100	滚刀手5			100	3	6
MH017		110	100	石人4			100	60	6
MH017		110	100	石人5			100	3	6
MH017		110	100	铜锤手5			100	60	8
MH017		110	100	铜锤手6			100	3	8
MH017		110	100	金刚人7			100	30	10
MH017		110	100	金刚人6			100	6	20
MH017		110	100	机关巨兽2		100	1	30
MH017		110	100	铜锤手9			100	1	600


MH018		140	140	铜人8			110	30	6
MH018		140	140	铜人9			110	1	6
MH018		140	140	青铜兽6			110	30	6
MH018		140	140	青铜兽7			110	1	6
MH018		140	140	滚刀手6			110	60	6
MH018		140	140	滚刀手7			110	3	6
MH018		140	140	石人6			110	60	6
MH018		140	140	石人7			110	3	6
MH018		140	140	铜锤手7			110	60	8
MH018		140	140	铜锤手8			110	3	8
MH018		140	140	金刚人8			110	30	10
MH018		140	140	金刚人9			110	6	20
MH018		140	140	机关巨兽3		110	1	30
MH018		140	140	铜锤手9			110	1	600



MH019		93	88	毒蜘蛛			70	30	3
MH019		93	88	食人花			70	30	3
MH019		93	88	土狼			70	30	3
MH019		93	88	蟒			70	30	3
MH019		93	88	蟒1			70	2	5
MH019		93	88	沙蝎			70	30	3
MH019		93	88	沙蝎1			70	2	5
MH019		93	88	大土蛇			70	30	3
MH019		93	88	大土蛇1			70	2	5

MH020		95	95	尸卫10			90	80	7
MH020		95	95	尸卫11			90	3	7
MH020		95	95	尸卫勇士11		90	80	7
MH020		95	95	尸卫勇士12		90	3	7
MH020		95	95	尸卫战将15		90	80	7
MH020		95	95	尸卫战将16		90	3	7
MH020		95	95	尸卫战将21		90	1	30
MH020		95	95	守护者1			90	10	3
MH020		95	95	守护者2			90	1	15

MH021		100	100	尸卫12			100	80	7
MH021		100	100	尸卫13			100	3	7
MH021		100	100	尸卫勇士13		100	80	7
MH021		100	100	尸卫勇士14		100	3	7
MH021		100	100	尸卫战将17		100	80	7
MH021		100	100	尸卫战将18		100	3	7
MH021		100	100	尸卫战将22		100	1	30
MH021		100	100	守护者1			100	10	2
MH021		100	100	守护者2			100	1	15

MH022		140	140	尸卫14			110	80	7
MH022		140	140	尸卫15			110	3	7
MH022		140	140	尸卫勇士15		110	80	7
MH022		140	140	尸卫勇士16		110	3	7
MH022		140	140	尸卫战将19		110	80	7
MH022		140	140	尸卫战将20		110	3	7
MH022		140	140	尸卫战将23		110	1	30
MH022		140	140	守护者1			110	10	2
MH022		140	140	守护者2			110	1	15


MH023		143	207	尸卫10			120	80	7
MH023		143	207	尸卫11			120	3	7
MH023		143	207	尸卫勇士11		120	80	7
MH023		143	207	尸卫勇士12		120	3	7
MH023		143	207	尸卫战将15		120	80	7
MH023		143	207	尸卫战将16		120	3	7
MH023		143	207	掷枪尸卫10		120	80	7
MH023		143	207	掷枪尸卫11		120	3	7
MH023		143	207	尸卫战将21		120	3	30
MH023		143	207	尸霸3			120	1	120


MH024		120	120	尸卫12			120	80	7
MH024		120	120	尸卫13			120	3	7
MH024		120	120	尸卫勇士13		120	80	7
MH024		120	120	尸卫勇士14		120	3	7
MH024		120	120	尸卫战将17		120	80	7
MH024		120	120	尸卫战将18		120	3	7
MH024		120	120	掷枪尸卫12		120	80	7
MH024		120	120	掷枪尸卫13		120	3	7
MH024		120	120	尸卫战将22		120	3	30
MH024		120	120	尸霸4			120	1	120


MH025		158	160	尸卫14			130	80	7
MH025		158	160	尸卫15			130	3	7
MH025		158	160	尸卫勇士15		130	80	7
MH025		158	160	尸卫勇士16		130	3	7
MH025		158	160	尸卫战将19		130	80	7
MH025		158	160	尸卫战将20		130	3	7
MH025		158	160	掷枪尸卫14		130	80	7
MH025		158	160	掷枪尸卫15		130	3	7
MH025		158	160	尸卫战将23		130	3	30
MH025		158	160	尸霸5			130	1	120

MH026		100	100	毒蜘蛛			70	10	3
MH026		100	100	沙雕			70	20	3
MH026		100	100	沙雕1			70	1	3
MH026		100	100	土狼			70	20	3
MH026		100	100	蟒			70	80	3
MH026		100	100	蟒1			70	3	3
MH026		100	100	大土蛇			70	80	3
MH026		100	100	大土蛇1			70	3	3
MH026		100	100	地狱奴			70	20	15

MH027		135	135	圣甲虫2			120	120	7
MH027		135	135	圣甲虫3			120	5	7
MH027		135	135	魔甲虫3			120	120	7
MH027		135	135	红蛇妖4			120	60	7
MH027		135	135	红蛇妖5			120	3	7
MH027		135	135	蚁巢			120	10	7
MH027		135	135	红蛇妖10		120	1	700


MH028		135	135	圣甲虫4			120	120	7
MH028		135	135	圣甲虫5			120	5	7
MH028		135	135	魔甲虫4			120	120	7
MH028		135	135	红蛇妖6			120	60	7
MH028		135	135	红蛇妖7			120	3	7
MH028		135	135	蚁巢			120	10	7
MH028		135	135	红蛇妖10		120	1	700

MH029		170	180	圣甲虫6			140	120	7
MH029		170	180	圣甲虫7			140	5	7
MH029		170	180	魔甲虫5			140	120	7
MH029		170	180	红蛇妖8			140	60	7
MH029		170	180	红蛇妖9			140	3	7
MH029		170	180	蚁巢			140	10	7
MH029		170	180	红蛇妖10		140	1	700

MH030		115	115	圣甲虫2			90	60	7
MH030		115	115	圣甲虫3			90	3	7
MH030		115	115	魔甲虫3			90	60	7
MH030		115	115	红蛇妖4			90	40	7
MH030		115	115	红蛇妖5			90	3	7
MH030		115	115	黑蛇妖5			90	30	7
MH030		115	115	黑蛇妖6			90	2	7
MH030		115	115	三头蛇3			90	20	7
MH030		115	115	三头蛇4			90	1	7
MH030		115	115	蚁巢			90	10	7
MH030		115	115	红蛇妖10		90	1	700
MH030		115	115	守护者1			90	6	5
MH030		115	115	守护者2			90	2	10


MH031		80	80	圣甲虫4			70	60	7
MH031		80	80	圣甲虫5			70	3	7
MH031		80	80	魔甲虫4			70	60	7
MH031		80	80	红蛇妖6			70	40	7
MH031		80	80	红蛇妖7			70	3	7
MH031		80	80	黑蛇妖7			70	30	7
MH031		80	80	黑蛇妖8			70	2	7
MH031		80	80	三头蛇5			70	20	7
MH031		80	80	三头蛇6			70	1	7
MH031		80	80	蚁巢			70	10	7
MH031		80	80	红蛇妖10		70	1	700
MH031		80	80	守护者1			70	6	5
MH031		80	80	守护者2			70	2	10


MH032		96	96	圣甲虫6			85	60	7
MH032		96	96	圣甲虫7			85	3	7
MH032		96	96	魔甲虫5			85	60	7
MH032		96	96	红蛇妖8			85	40	7
MH032		96	96	红蛇妖9			85	3	7
MH032		96	96	黑蛇妖9			85	30	7
MH032		96	96	黑蛇妖10		85	2	7
MH032		96	96	三头蛇7			85	20	7
MH032		96	96	三头蛇8			85	1	7
MH032		96	96	蚁巢			85	10	7
MH032		96	96	红蛇妖10		85	1	700
MH032		96	96	守护者1			85	6	5
MH032		96	96	守护者2			85	2	10


MH033		101	101	红蛇妖4			80	50	7
MH033		101	101	红蛇妖5			80	2	7
MH033		101	101	红蛇妖11		80	5	6
MH033		101	101	黑蛇妖4			80	50	7
MH033		101	101	黑蛇妖5			80	2	7
MH033		101	101	黑蛇妖10		80	5	6
MH033		101	101	三头蛇3			80	50	7
MH033		101	101	三头蛇4			80	2	7
MH033		101	101	三头蛇9			80	5	6
MH033		101	101	白蛇妖4			80	10	30
MH033		101	101	白蛇妖5			80	30	15
MH033		101	101	三头蛇王2		80	4	60
MH033		101	101	蚁巢			80	20	7
MH033		101	101	红蛇妖10		80	1	700

MH034		100	100	红蛇妖6			90	50	7
MH034		100	100	红蛇妖7			90	2	7
MH034		100	100	红蛇妖12		90	5	6
MH034		100	100	黑蛇妖6			90	50	7
MH034		100	100	黑蛇妖7			90	2	7
MH034		100	100	黑蛇妖11		90	5	6
MH034		100	100	三头蛇5			90	50	7
MH034		100	100	三头蛇6			90	2	7
MH034		100	100	三头蛇10		90	5	6
MH034		100	100	白蛇妖6			90	10	30
MH034		100	100	白蛇妖7			90	30	15
MH034		100	100	三头蛇王3		90	4	60
MH034		100	100	蚁巢			90	20	7
MH034		100	100	红蛇妖10		90	1	700

MH035		120	130	红蛇妖8			95	50	7
MH035		120	130	红蛇妖9			95	2	7
MH035		120	130	红蛇妖13		95	5	6
MH035		120	130	黑蛇妖8			95	50	7
MH035		120	130	黑蛇妖9			95	2	7
MH035		120	130	黑蛇妖12		95	5	6
MH035		120	130	三头蛇7			95	50	7
MH035		120	130	三头蛇8			95	2	7
MH035		120	130	三头蛇11		95	5	6
MH035		120	130	白蛇妖8			95	10	30
MH035		120	130	白蛇妖9			95	30	15
MH035		120	130	三头蛇王4		95	4	60
MH035		120	130	蚁巢			95	20	7
MH035		120	130	红蛇妖10		95	1	700

MH036		117	90	毒蜘蛛			100	20	3
MH036		117	90	沙蝎			100	30	3
MH036		117	90	沙蝎1			100	1	3
MH036		117	90	沙雕			100	60	3
MH036		117	90	沙雕1			100	2	3
MH036		117	90	大土蛇			100	60	3
MH036		117	90	大土蛇1			100	2	3
MH036		117	90	巨猿			100	90	3
MH036		117	90	巨猿1			100	3	3
MH036		117	90	地狱奴			100	40	10

MH037		36	136	地下小鬼2		120	100	8
MH037		36	136	地下小鬼3		120	4	8
MH037		36	136	逆魔雕像4		120	70	8
MH037		36	136	逆魔雕像5		120	3	8
MH037		36	136	逆魔侍卫3		120	70	8
MH037		36	136	逆魔侍卫4		120	3	8
MH037		36	136	逆魔弓箭手3		120	70	8
MH037		36	136	逆魔弓箭手4		120	3	8
MH037		36	136	守护者1			120	1	5
MH037		36	136	守护者2			120	3	5


MH038		20	120	地下小鬼4		120	100	8
MH038		20	120	地下小鬼5		120	4	8
MH038		20	120	逆魔雕像6		120	70	8
MH038		20	120	逆魔雕像7		120	3	8
MH038		20	120	逆魔侍卫5		120	70	8
MH038		20	120	逆魔侍卫6		120	3	8
MH038		20	120	逆魔弓箭手5		120	70	8
MH038		20	120	逆魔弓箭手6		120	3	8
MH038		20	120	守护者1			120	1	5
MH038		20	120	守护者2			120	3	5


MH039		50	140	地下小鬼6		120	100	8
MH039		50	140	地下小鬼7		120	4	8
MH039		50	140	逆魔雕像8		120	70	8
MH039		50	140	逆魔雕像9		120	3	8
MH039		50	140	逆魔侍卫7		120	70	8
MH039		50	140	逆魔侍卫8		120	3	8
MH039		50	140	逆魔弓箭手7		120	70	8
MH039		50	140	逆魔弓箭手8		120	3	8
MH039		50	140	守护者1			120	1	5
MH039		50	140	守护者2			120	3	5


MH040		02	102	逆魔雕像4		80	65	8
MH040		02	102	逆魔雕像5		80	3	8
MH040		02	102	逆魔雕像10		80	15	8
MH040		02	102	逆魔卫士7		80	65	8
MH040		02	102	逆魔卫士8		80	3	8
MH040		02	102	逆魔卫士13		80	15	8
MH040		02	102	逆魔侍卫3		80	65	8
MH040		02	102	逆魔侍卫4		80	3	8
MH040		02	102	逆魔侍卫9		80	15	8
MH040		02	102	逆魔弓箭手3		80	65	8
MH040		02	102	逆魔弓箭手4		80	3	8
MH040		02	102	逆魔弓箭手9		80	15	8
MH040		02	102	逆魔2			80	1	120


MH041		00	200	逆魔雕像6		150	65	8
MH041		00	200	逆魔雕像7		150	3	8
MH041		00	200	逆魔雕像11		150	15	8
MH041		00	200	逆魔卫士9		150	65	8
MH041		00	200	逆魔卫士10		150	3	8
MH041		00	200	逆魔卫士14		150	15	8
MH041		00	200	逆魔侍卫5		150	65	8
MH041		00	200	逆魔侍卫6		150	3	8
MH041		00	200	逆魔侍卫10		150	15	8
MH041		00	200	逆魔弓箭手5		150	65	8
MH041		00	200	逆魔弓箭手6		150	3	8
MH041		00	200	逆魔弓箭手10		150	15	8
MH041		00	200	逆魔3			150	1	120


MH042		00	200	逆魔雕像8		150	65	8
MH042		00	200	逆魔雕像9		150	3	8
MH042		00	200	逆魔雕像12		150	15	8
MH042		00	200	逆魔卫士11		150	65	8
MH042		00	200	逆魔卫士12		150	3	8
MH042		00	200	逆魔卫士15		150	15	8
MH042		00	200	逆魔侍卫7		150	65	8
MH042		00	200	逆魔侍卫8		150	3	8
MH042		00	200	逆魔侍卫11		150	15	8
MH042		00	200	逆魔弓箭手7		150	65	8
MH042		00	200	逆魔弓箭手8		150	3	8
MH042		00	200	逆魔弓箭手11		150	15	8
MH042		00	200	逆魔4			150	1	120

MH055		370	70	毒蜘蛛			40	10	10
MH055		320	158	毒蜘蛛			70	30	10
MH055		224	106	鬼方火卒		150	150	20
MH055		224	106	鬼方火卒1		150	3	60
MH055		354	205	鬼方火卒		100	80	20
MH055		241	225	鬼方火卒		80	30	20
MH055		245	278	鬼方火卒		30	20	18
MH055		131	40	鬼方火卒		20	25	18
MH055		167	41	鬼方火卒		20	25	18
MH055		320	70	鬼方火卒		50	30	20
MH055		366	153	鬼方火卒		60	40	20
MH055		217	190	猛魔刀斧手		150	80	25
MH055		245	278	猛魔刀斧手		40	20	25
MH055		131	40	猛魔刀斧手		20	10	25
MH055		255	280	猛魔刀斧手		30	15	25
MH055		255	280	猛魔刀斧手1		100	2	60
MH055		167	41	猛魔枪卒		20	10	25
MH055		255	280	猛魔枪卒		30	15	25
MH055		382	54	猛魔头目		10	10	20
MH055		370	70	三头蛇			40	20	15
MH055		313	60	藤妖			100	5	15
MH055		105	218	幽魂			150	150	20
MH055		241	225	幽魂			80	50	20
MH055		256	40	幽魂			40	30	18
MH055		131	40	幽魂			20	15	18
MH055		167	41	幽魂			20	15	18
MH055		226	66	幽魂			30	20	18
MH055		172	51	幽魂			50	40	18
MH055		122	286	幽魂			50	30	18
MH055		122	286	幽魂1			150	3	60
MH055		327	277	幽魂			50	30	18
MH055		327	277	幽影武士		50	30	18

MH056		370	70	毒蜘蛛			40	10	10
MH056		320	158	毒蜘蛛			70	30	10
MH056		224	106	鬼方火卒		150	150	20
MH056		224	106	鬼方火卒1		150	3	60
MH056		354	205	鬼方火卒		100	80	20
MH056		241	225	鬼方火卒		80	30	20
MH056		245	278	鬼方火卒		30	20	18
MH056		131	40	鬼方火卒		20	25	18
MH056		167	41	鬼方火卒		20	25	18
MH056		320	70	鬼方火卒		50	30	20
MH056		366	153	鬼方火卒		60	40	20
MH056		217	190	猛魔刀斧手		150	80	25
MH056		245	278	猛魔刀斧手		40	20	25
MH056		131	40	猛魔刀斧手		20	10	25
MH056		255	280	猛魔刀斧手		30	15	25
MH056		255	280	猛魔刀斧手1		100	2	60
MH056		167	41	猛魔枪卒		20	10	25
MH056		255	280	猛魔枪卒		30	15	25
MH056		382	54	猛魔头目		10	10	20
MH056		370	70	三头蛇			40	20	15
MH056		313	60	藤妖			100	5	15
MH056		255	280	炎魔			15	5	25
MH056		105	218	幽魂			150	150	20
MH056		241	225	幽魂			80	50	20
MH056		256	40	幽魂			40	30	18
MH056		131	40	幽魂			20	15	18
MH056		167	41	幽魂			20	15	18
MH056		226	66	幽魂			30	20	18
MH056		172	51	幽魂			50	40	18
MH056		122	286	幽魂			50	30	18
MH056		122	286	幽魂1			150	3	60
MH056		327	277	幽魂			50	30	18
MH056		224	106	幽影武士		150	2	40

MH057		370	70	毒蜘蛛			40	10	10
MH057		320	158	毒蜘蛛			70	30	10
MH057		224	106	鬼方火卒		150	150	20
MH057		224	106	鬼方火卒1		150	3	60
MH057		354	205	鬼方火卒		100	80	20
MH057		241	225	鬼方火卒		80	30	20
MH057		245	278	鬼方火卒		30	20	18
MH057		131	40	鬼方火卒		20	25	18
MH057		167	41	鬼方火卒		20	25	18
MH057		320	70	鬼方火卒		50	30	20
MH057		366	153	鬼方火卒		60	40	20
MH057		217	190	猛魔刀斧手		150	80	25
MH057		245	278	猛魔刀斧手		40	20	25
MH057		131	40	猛魔刀斧手		20	10	25
MH057		255	280	猛魔刀斧手		30	15	25
MH057		255	280	猛魔刀斧手		100	2	60
MH057		167	41	猛魔枪卒		20	10	25
MH057		255	280	猛魔枪卒		30	15	25
MH057		382	54	猛魔头目		10	10	20
MH057		370	70	三头蛇			40	20	15
MH057		313	60	藤妖			100	5	15
MH057		255	280	炎魔			15	5	25
MH057		105	218	幽魂			150	150	20
MH057		241	225	幽魂			80	50	20
MH057		256	40	幽魂			40	30	18
MH057		131	40	幽魂			20	15	18
MH057		167	41	幽魂			20	15	18
MH057		226	66	幽魂			30	20	18
MH057		172	51	幽魂			50	40	18
MH057		122	286	幽魂			50	30	18
MH057		122	286	幽魂1			150	3	60
MH057		327	277	幽魂			50	30	18
MH057		224	106	幽影武士		150	2	40

;炼狱魔境
NL001  		175  	210    	尸卫  			200  	120    	5
NL001  		175  	210    	尸卫勇士  		200  	220    	5
NL001  		175  	210    	尸卫战将27  		200  	220    	5
NL001  		175  	210    	掷枪尸卫19  		150  	160    	5
NL001  		175  	210    	尸卫1  			200 	6    	5
NL001  		175  	210    	尸卫勇士1  		200 	6    	5
NL001  		175  	210    	尸卫战将1  		200 	6    	5
NL001  		175  	210    	掷枪尸卫1  		150	6    	5

NL002  		200  	200  	尸卫2  			200  	220    	9
NL002  		200  	200  	尸卫勇士2  		200  	220    	9
NL002  		200  	200  	尸卫战将27  		200  	200   	10
NL002  		200  	200  	掷枪尸卫19  		200  	180   	10
NL002  		200  	200   	尸卫3  			200   	10   	12
NL002  		200  	200   	尸卫勇士3  		200    	8   	12
NL002  		200  	200  	尸卫战将3  		200    	8   	12
NL002  		200  	200   	掷枪尸卫3  		200   	10   	12


NL003  		125  	125  	铜人  			120  	150    	7
NL003  		125  	125     铜人1  			120    	4   	10
NL003  		125  	125    	铜锤手9  		120   	1   	700
NL003  		125  	125  	青铜兽11  		120  	140    	7
NL003  		125  	125  	青铜兽1  		120    	4   	10
NL003  		125  	125   	滚刀手  		120  	180    	7
NL003  		125  	125 	滚刀手1  		120    	4   	10
NL003  		125  	125  	石人  			120  	120    	7
NL003  		125  	125    	石人1  			120    	3   	12
NL003  		125  	125   	铜锤手  		120  	100   	10
NL003  		125  	125    	铜锤手1  		120    	3   	16
NL003  		125  	125   	金刚人  		120    	5   	40
NL003  		125  	125    	金刚人1  		120    	3   	20
NL003  		125  	125    	机关巨兽  		100    	1   	60


NL004  		220  	210 	魔甲虫  		220   	30    	8
NL004  		220  	210    	红蛇妖  		220  	220    	9
NL004  		220  	210    	红蛇妖10  		220  	1    	900
NL004  		220  	210    	红蛇妖1  		220    	6   	15
NL004  		220  	210   	红蛇妖3  		220   	20   	15
NL004  		220  	210   	黑蛇妖  		220  	200    	9
NL004  		220  	210   	黑蛇妖1 		220    	6   	15
NL004  		220  	210    	黑蛇妖3  		220   	20   	15
NL004  		220  	210   	三头蛇  		220  	150   	10
NL004  		220  	210   	三头蛇1  		220    	4   	15
NL004  		220  	210   	三头蛇2  		220   	20   	15
NL004  		220  	210    	白蛇妖1  		220   	20   	30
NL004  		220  	210    	蚁巢  			220   	25    	9

NL005  		370  	70 	鬼方火卒   		40   	10   	10
NL005  		320  	158 	鬼方火卒   		70   	20   	10
NL005  		224  	106   	鬼方火卒  		150  	110   	20
NL005  		354  	205   	鬼方火卒  		100   	80   	20
NL005  		241  	225    	鬼方火卒   		80   	30   	20
NL005  		245  	278   	鬼方火卒   		30   	20   	18
NL005  		131  	40  	鬼方火卒   		20   	25   	18
NL005  		167  	41  	鬼方火卒   		20   	25   	18
NL005  		320 	70   	鬼方火卒   		50   	30   	20
NL005  		366  	153  	鬼方火卒   		60   	40   	20
NL005  		315  	192   	鬼方火卒   		50   	10   	18
NL005  		217  	190  	鬼方火卒  		150   	80   	25
NL005  		245  	278  	鬼方火卒   		40   	20   	25
NL005  		131  	40   	鬼方火卒   		20   	10   	25
NL005  		370  	70  	鬼方火卒   		40   	20   	15
NL005  		167  	41   	鬼方火卒   		20   	20   	25
NL005  		255  	280   	幽魂   			30   	20   	25
NL005  		382  	54   	幽魂   			10   	20   	20
NL005  		255  	280   	幽魂   			30   	20   	25
NL005  		313  	60    	幽魂  			100   	20   	15
NL005  		105  	218   	幽魂  			150  	110   	20
NL005  		241  	225   	幽魂   			80   	50   	20
NL005  		256  	40   	幽魂   			40   	30   	18
NL005  		131  	40  	幽魂   			20   	20   	18
NL005  		167  	41    	幽魂   			20   	20   	18
NL005  		226  	66   	幽魂   			30   	20   	18
NL005  		172  	51    	幽魂   			50   	40   	18
NL005  		122  	286    	幽魂   			50   	30   	18
NL005  		122  	286    	幽魂  			150   	20   	60
NL005  		327  	277    	幽魂   			50   	30   	18
NL005  		232  	194   	幽魂3	  		150   	1  	360
NL005  		327  	277   	鬼方火卒2  		150   	1  	720

NL006   	27   	29   	宝藏守护者    		0    	1   	5
NL006   	44   	44     	通天教主3   		15    	1   	75
NL006  		44   	44     	禁地魔王2   		15    	1   	60
NL006   	44   	44    	逆魔5   		15    	1   	45
NL006   	44   	44   	尸霸6   		15    	1   	30

NL007 		46 	50 	逆魔 			50 	1 	120
NL007 		46 	50 	魔化逆魔 		50 	1 	180
NL007 		44 	44 	逆魔侍卫12 		30 	8 	5
NL007 		44 	44 	逆魔卫士16 		30 	8 	4
NL007 		44 	44 	逆魔雕像13 		30 	8 	5
NL007 		44 	44 	逆魔弓箭手13 		30 	8 	5
NL007 		44 	44 	逆魔侍卫12 		30 	7 	8
NL007 		44 	44 	逆魔卫士16 		30 	7 	8
NL007 		44 	44 	逆魔雕像13 		30 	7 	8
NL007 		44 	44 	逆魔弓箭手13 		30 	7 	10
NL007 		46 	50 	逆魔侍卫12 		50 	32 	10
NL007 		46 	50 	逆魔卫士20 		50 	32 	8
NL007 		46 	50 	逆魔雕像17 		50 	32 	10
NL007 		46 	50 	火烈鸟5 		50 	32 	10
NL007 		46 	50 	逆魔弓箭手13 		40 	32 	12
NL007 		46 	50 	逆魔侍卫12 		50 	10 	5
NL007 		46 	50 	逆魔卫士16 		50 	10 	8
NL007 		46 	50 	逆魔雕像13 		50 	10 	8
NL007 		46 	50 	逆魔弓箭手13 		40 	24 	20
NL007 		22 	22 	逆魔侍卫12 		5 	1 	5
NL007 		22 	22 	逆魔卫士16 		5 	1 	4
NL007 		22 	22 	逆魔雕像13 		5 	1 	5
NL007 		22 	22 	逆魔弓箭手13 		3 	1 	5
NL007 		27 	27 	逆魔侍卫2 		5 	1 	14
NL007 		27 	27 	逆魔卫士2 		5 	1 	14
NL007 		27 	27 	逆魔雕像1 		5 	1 	14
NL007 		27 	27 	逆魔弓箭手13 		3 	1 	8
NL007 		46 	50 	逆魔侍卫1 		80 	1 	16
NL007 		46 	50 	逆魔卫士4 		80 	1 	16
NL007 		46 	50 	逆魔卫士1 		80 	1 	16
NL007 		46 	50 	逆魔雕像1 		80 	1 	16
NL007 		46 	50 	逆魔弓箭手13 		60 	1 	8
NL007 		44 	44 	调皮小鬼 		30 	2 	240
NL007 		44 	44 	调皮小鬼 		30 	2 	240
NL007 		44 	44 	调皮小鬼 		30 	2 	240
NL007 		44 	44 	调皮小鬼 		30 	2 	240
NL007 		44 	44 	调皮小鬼 		30 	2 	240
NL007 		44 	44 	调皮小鬼 		30 	2 	240
NL007 		44 	44 	调皮小鬼 		30 	2 	240
NL007 		44 	44 	调皮小鬼 		30 	2 	240
NL007 		44 	44 	调皮小鬼 		30 	2 	240
NL007 		44 	44 	调皮小鬼 		30 	2 	240
NL007 		44 	44 	幸运雪人 		30 	1 	120
NL007 		44 	44 	幸运雪人1	 	30 	1 	60
NL007 		44 	44 	幸运雪人1 		30 	1 	60
NL007 		44 	44 	幸运雪人1 		30 	1 	60
NL007 		42 	38 	黑袍修罗长老1  		1 	1    	60
NL007 		54 	51 	黑袍修罗长老1  		1 	1    	60
NL007 		34 	55 	黑袍修罗长老1  		1 	1    	60
NL007 		41 	37 	黑袍修罗2  		1 	1    	60
NL007 		43 	36 	黑袍修罗2  		1 	1    	60
NL007 		44 	38 	黑袍修罗2  		1 	1    	60
NL007 		33 	56 	黑袍修罗2  		1 	1    	60
NL007 		35 	53 	黑袍修罗2  		1 	1    	60
NL007 		33 	51 	黑袍修罗2  		1 	1    	60
NL007 		37 	54 	黑袍修罗2  		1 	1    	60
NL007 		26 	47 	调皮小鬼  		5 	5    	60
NL007 		48 	28 	调皮小鬼  		5 	5    	60
NL007 		68 	48 	调皮小鬼  		5 	5    	60


NL008 		125 	125 	禁地魔王3 		110 	1 	120
NL008 		125 	125 	魔化禁地魔王 		110 	1 	180
NL008 		125 	125 	铁翼魔4 		110 	150 	10
NL008 		125 	125 	血魔4 			110 	52 	10
NL008 		125 	125 	妖力士2 		110 	44 	10
NL008 		125 	125 	藤妖6 			110 	130 	10
NL008 		125 	125 	铁翼魔4 		110 	2 	10
NL008 		125 	125 	刺魔3 			110 	130 	10
NL008 		125 	125 	藤妖7 			110 	1 	9
NL008 		125 	125 	刺魔4 			110 	1 	9
NL008 		125 	125 	利爪魔2 		110 	1 	240
NL008 		125 	125 	闪电魔2 		110 	1 	240
NL008 		125 	125 	幸运雪人 		110 	1 	120
NL008 		125 	125 	幸运雪人1 		110 	1 	60
NL008 		125 	125 	幸运雪人1 		110 	1 	60
NL008 		125 	125 	幸运雪人1 		110 	1 	60 
NL008 		130 	110 	黑袍修罗长老1 		5 	1 	60
NL008 		130 	110 	黑袍修罗2 		5 	1 	60
NL008 		130 	110 	黑袍修罗2 		5 	1 	60
NL008 		130 	110 	黑袍修罗2 		5 	1 	60
NL008 		130 	110 	黑袍修罗2 		5 	1 	60
NL008 		165 	165 	黑袍修罗长老1 		5 	1 	60
NL008 		165 	165 	黑袍修罗2 		5 	1 	60
NL008 		165 	165 	黑袍修罗2 		5 	1 	60
NL008 		165 	165 	黑袍修罗2 		5 	1 	60
NL008 		165 	165 	黑袍修罗2 		5 	1 	60
NL008 		82 	157 	黑袍修罗长老1 		5 	1 	60
NL008 		82 	157 	黑袍修罗2 		5 	1 	60
NL008 		82 	157 	黑袍修罗2 		5 	1 	60
NL008 		82 	157 	黑袍修罗2 		5 	1 	60
NL008 		82 	157 	黑袍修罗2 		5 	1 	60
NL008 		167 	76 	黑袍修罗长老1 		5 	1 	60
NL008 		167 	76 	黑袍修罗2 		5 	1 	60
NL008 		167 	76 	黑袍修罗2 		5 	1 	60
NL008 		167 	76 	黑袍修罗2 		5 	1 	60
NL008 		167 	76 	黑袍修罗2 		5 	1 	60
NL008 		103 	157 	调皮小鬼 		5 	4 	60
NL008 		52 	85 	调皮小鬼 		5 	4 	60
NL008 		70 	166 	调皮小鬼 		5 	4 	60
NL008 		118 	40 	调皮小鬼 		5 	4 	60

NL009  		155  	232  	通天教主1    		3    	1  	120
NL009  		155  	232  	魔化通天教主    	3    	1  	180
NL009  		205  	195 	兽骑统领  		100  	66   	10
NL009  		205  	195 	兽骑统领2  		100    	3   	12
NL009  		205  	195   	召魂使  		100  	60   	10
NL009  		205  	195 	召魂使2  		100    	4   	12
NL009  		205  	195  	烈焰使  		100   	8   	15
NL009  		205  	195  	烈焰使2  		100    	1   	20
NL009  		155  	232  	烈焰使   		10    	4   	20
NL009  		155  	232 	召魂使   		10    	6   	20
NL009  		155  	232  	兽骑统领   		10    	8   	15
NL009  		205  	195   	幸运雪人  		100    	1  	120
NL009  		205  	195   	幸运雪人2  		100    	1   	60
NL009  		205  	195  	幸运雪人2  		100    	1   	60
NL009  		205  	195   	幸运雪人2  		100    	1   	60
NL009  		155  	232   	烈焰使1    		100    	1  	360
NL009  		155  	232   	兽骑统领1    		100    	1  	360


NL010  		258  	235    	地火兽弓箭手   		40   	32   	15
NL010  		258  	235  	地火兽弓箭手3	  	150    	2   	60
NL010  		207  	189 	地火兽骑将  		200  	76   	25
NL010  		186  	200  	地火兽骑将   		50   	32  	25
NL010  		240  	346   	地火兽骑将   		45   	16   	25
NL010  		306  	215   	地火兽骑将   		30   	7   	25
NL010  		298  	113   	地火兽骑将   		20   	7   	25
NL010  		307   	70      地火兽骑将   		40   	16   	25
NL010  		160  	111   	地火兽骑将  	 	60   	16   	25
NL010   	72  	184   	地火兽骑将   		30   	7   	25
NL010   	36  	126  	地火兽骑将   		15   	7   	25
NL010   	94   	88    	地火兽骑将   		15   	7   	25
NL010   	94   	88 	地火兽骑将2 		100    	5   	60
NL010  		207  	189 	地火兽投矛手  		150  	80  	10
NL010  		307   	70  	地火兽投矛手   		40  	24   	10
NL010  		307   	70  	地火兽投矛手2	  	100    	5   	60
NL010  		207  	189   	炎魔  			200  	100   	15
NL010  		106  	242  	炎魔   			30   	30   	15
NL010  		146  	287    	炎魔   			30   	45   	15
NL010  		240  	346 	炎魔   			45   	50   	15
NL010  		347  	182   	炎魔   			15   	10   	15
NL010  		160  	111   	炎魔  			150  	140   	15
NL010   	72  	184   	炎魔   			60   	40   	15
NL010  		238   	72    	炎魔4	  		150    	2   	60
NL010  		197  	154   	猛魔统领  		170  	90   	25
NL010  		197  	154   	猛魔统领2  		170    	5   	60
NL010  		197  	154   	幽影武士1  		170    	2   	60
NL010  		197  	154  	幸运雪人  		170    	1  	120
NL010  		197  	154  	幸运雪人2 		170    	1   	60
NL010  		197  	154   	幸运雪人2  		170    	1   	60
NL010  		197  	154  	幸运雪人2  		170    	1   	60
NL010  		106  	242    	魔眼   			100   	3   	30
NL010  		197  	154   	炼狱魔君  		30    	1   	120
NL010  		197  	154   	魔化铁血魔王  		30    	1   	180

NL020		98	101	逆魔侍卫		55	40	9
NL020		98	101	逆魔雕像		55	40	9
NL020		98	101	逆魔卫士		55	40	9
NL020		98	101	逆魔弓箭手		55	40	9
NL020		98	101	逆魔雕像1		55	1	18
NL020		117	119	逆魔弓箭手		10	4	9
NL020		117	119	逆魔侍卫		10	4	9
NL020		117	119	逆魔卫士		10	2	9

NL021		97	99	逆魔弓箭手		55	40	9
NL021		97	99	逆魔雕像		55	40	9
NL021		97	99	逆魔卫士		55	40	9
NL021		97	99	逆魔侍卫		55	40	9
NL021		97	99	逆魔卫士1		55	1	18
NL021		121	82	逆魔弓箭手		10	4	9
NL021		121	82	逆魔雕像		10	4	9
NL021		121	82	逆魔侍卫		10	2	9

NL022		101	104	逆魔弓箭手		55	40	9
NL022		101	104	逆魔雕像		55	40	9
NL022		101	104	逆魔卫士		55	40	9
NL022		101	104	逆魔侍卫		55	40	9
NL022		101	104	逆魔侍卫1		55	1	18
NL022		85	82	逆魔弓箭手		10	4	9
NL022		85	82	逆魔雕像		10	4	9
NL022		85	82	逆魔卫士		10	2	9

NL023		96	96	逆魔弓箭手		55	40	9
NL023		96	96	逆魔雕像		55	40	9
NL023		96	96	逆魔卫士		55	40	9
NL023		96	96	逆魔侍卫		55	40	9
NL023		96	96	逆魔弓箭手1		55	1	18
NL023		82	117	逆魔弓箭手		10	2	9
NL023		82	117	逆魔卫士		10	4	9
NL023		82	117	逆魔侍卫		10	4	9

NL024		98	101	逆魔侍卫		55	40	9
NL024		98	101	逆魔雕像		55	40	9
NL024		98	101	逆魔卫士		55	40	9
NL024		98	101	逆魔弓箭手		55	40	9
NL024		98	101	逆魔雕像1		55	1	18
NL024		117	119	逆魔弓箭手		10	4	9
NL024		117	119	逆魔侍卫		10	4	9
NL024		117	119	逆魔卫士		10	2	9

NL025		97	99	逆魔弓箭手		55	40	9
NL025		97	99	逆魔雕像		55	40	9
NL025		97	99	逆魔卫士		55	40	9
NL025		97	99	逆魔侍卫		55	40	9
NL025		97	99	逆魔卫士1		55	1	18
NL025		121	82	逆魔弓箭手		10	4	9
NL025		121	82	逆魔雕像		10	4	9
NL025		121	82	逆魔侍卫		10	2	9

NL026		101	104	逆魔弓箭手		55	40	9
NL026		101	104	逆魔雕像		55	40	9
NL026		101	104	逆魔卫士		55	40	9
NL026		101	104	逆魔侍卫		55	40	9
NL026		101	104	逆魔侍卫1		55	1	18
NL026		85	82	逆魔弓箭手		10	4	9
NL026		85	82	逆魔雕像		10	4	9
NL026		85	82	逆魔卫士		10	2	9

NL027		96	96	逆魔弓箭手		55	40	9
NL027		96	96	逆魔雕像		55	40	9
NL027		96	96	逆魔卫士		55	40	9
NL027		96	96	逆魔侍卫		55	40	9
NL027		96	96	逆魔弓箭手1		55	1	18
NL027		82	117	逆魔弓箭手		10	2	9
NL027		82	117	逆魔卫士		10	4	9
NL027		82	117	逆魔侍卫		10	4	9

MH054		125	125	僵尸11			105	60	6
MH054		125	125	僵尸101			105	1	6
MH054		125	125	僵尸21			105	60	6
MH054		125	125	僵尸201			105	1	6
MH054		125	125	骷髅2			105	60	6
MH054		125	125	骷髅3			105	1	6
MH054		125	125	尸王3			105	30	10
MH054		125	125	尸王4			105	10	20
MH054		125	125	尸王5			105	3	120
MH054		125	125	白蛇妖			105	5	30
MH054		125	125	白蛇妖1			105	25	15
MH054		125	125	金刚人			105	2	30
MH054		125	125	金刚人1			105	22	15
MH054		125	125	机关巨兽		105	1	60
MH054		125	125	三头蛇1			105	1	10
MH054		125	125	三头蛇2			105	20	10
MH054		125	125	三头蛇王		105	2	60
MH054		125	125	掷枪尸卫2		105	62	6
MH054		125	125	掷枪尸卫3		105	1	6
MH054		125	125	尸卫战将4		105	2	10
MH054		125	125	尸霸8			105	1	120
MH054		125	125	逆魔侍卫		105	40	8
MH054		125	125	逆魔侍卫1		105	2	8
MH054		125	125	逆魔侍卫2		105	22	8
MH054		125	125	逆魔弓箭手		105	40	8
MH054		125	125	逆魔弓箭手1		105	2	8
MH054		125	125	逆魔弓箭手2		105	22	8
MH054		125	125	逆魔7			105	1	120
MH054		125	125	血魔			105	40	8
MH054		125	125	血魔3			105	1	8
MH054		125	125	妖力士			105	20	10
MH054		125	125	妖力士1			105	1	20
MH054		125	125	蚁巢			105	20	8
MH054		125	125	幽灵虫母		105	10	8
MH054		125	125	地狱奴			105	100	6
MH054		125	125	烈焰使6			105	4	10
MH054		125	125	黑蛇妖13		105	3	60
MH054		125	125	禁地魔王4		10	1	120

FJDB1		200	200	尸卫16			250	120	5
FJDB1		200	200	尸卫勇士17		250	120	5
FJDB1		200	200	尸卫战将24		250	120	5
FJDB1		200	200	掷枪尸卫16		250	120	5
FJDB1		200	200	尸卫17			200	50	10
FJDB1		200	200	尸卫勇士18		200	50	10
FJDB1		200	200	尸卫战将25		200	50	10
FJDB1		200	200	掷枪尸卫17		200	50	10
FJDB1		200	200	尸霸9			10	1	120

FJDB2		125	125	铜人10			200	100	5
FJDB2		125	125	石人8			200	100	5
FJDB2		125	125	青铜兽8			200	100	5
FJDB2		125	125	滚刀手8			200	100	5
FJDB2		125	125	铜锤手10		200	100	5
FJDB2		125	125	金刚人10		200	3	10
FJDB2		125	125	铜人11			200	50	10
FJDB2		125	125	石人9			200	50	10
FJDB2		125	125	青铜兽9			200	50	10
FJDB2		125	125	滚刀手9			200	50	10
FJDB2		125	125	铜锤手11		200	50	10
FJDB2		125	125	金刚人11		200	3	10
FJDB2		125	125	机关巨兽4		10	1	60

FJDB3		249	250	地下小鬼9		250	100	5
FJDB3		249	250	逆魔雕像14		250	100	5
FJDB3		249	250	逆魔卫士17		250	100	5
FJDB3		249	250	逆魔弓箭手14		250	100	5
FJDB3		249	250	逆魔侍卫13		250	100	5
FJDB3		249	250	地下小鬼10		250	50	10
FJDB3		249	250	逆魔雕像15		250	50	10
FJDB3		249	250	逆魔卫士18		250	50	10
FJDB3		249	250	逆魔弓箭手15		250	50	10
FJDB3		249	250	逆魔侍卫14		250	50	10
FJDB3		249	250	逆魔6			10	1	120

FJDB4  		205  	195 	兽骑统领3  		100  	30   	5
FJDB4  		205  	195   	召魂使3  		100  	30   	5
FJDB4  		205  	195  	烈焰使4  		100   	5  	5
FJDB4  		155  	232  	兽骑统领3  		100  	20   	5
FJDB4  		155  	232  	召魂使3  		100  	20   	5
FJDB4  		155  	232  	烈焰使4  		100   	5  	5
FJDB4  		205  	195 	兽骑统领4  		100  	10   	10
FJDB4  		205  	195   	召魂使4  		100  	10   	10
FJDB4 		205  	195  	烈焰使5  		100   	3  	10
FJDB4 		155  	232  	兽骑统领4 		100  	10   	10
FJDB4  		155  	232  	召魂使4  		100  	10   	10
FJDB4  		155  	232  	烈焰使5  		100   	3  	10
FJDB4  		155  	232  	通天教主4  		10   	1  	120

FJDB5		200	180	藤妖9			200	60	5
FJDB5		200	180	铁翼魔5			200	60	5
FJDB5		200	180	毒妖4			200	60	5
FJDB5		200	180	血魔5			200	60	5
FJDB5		200	180	刺魔5			200	60	5
FJDB5		200	180	血妖2			200	30	5
FJDB5		200	180	妖力士3			200	30	5
FJDB5		200	180	藤妖10			200	15	10
FJDB5		200	180	铁翼魔6			200	15	10
FJDB5		200	180	毒妖5			200	15	10
FJDB5		200	180	血魔6			200	15	10
FJDB5		200	180	刺魔6			200	15	10
FJDB5		200	180	血妖3			200	5	10
FJDB5		200	180	妖力士4			200	5	10
FJDB5		200	180	禁地魔王5		10	1	120

wuxing		80	154	紫电金魔王		1	1	120
wuxing		35	129	木精树灵王		1	1	120
wuxing		117	106	土岩石灵王		1	1	120
wuxing		50	50	水灵冰兽王		1	1	120
wuxing		98	56	烈焰牛魔王		1	1	120
wuxing		80	154	紫金之子		15	20	15
wuxing		35	129	树精之子		15	20	15
wuxing		117	106	土岩之子		15	20	15
wuxing		50	50	寒冰之子		15	20	15
wuxing		98	56	烈焰之子		15	20	15
wuxing		76	97	紫金之子		30	10	15
wuxing		76	97	树精之子		30	10	15
wuxing		76	97	土岩之子		30	10	15
wuxing		76	97	寒冰之子		30	10	15
wuxing		76	97	烈焰之子		30	10	15